181.095
185.825
185.96
186.79
186.005
190.045
189.535
190.025
187.51
185.59
186.61
188.84
190.175
188.2
187.28
186.74
188.83
191.385
190.68
187.875
187.345
186.85
187.995
188.69
187.87
185.46
186.155
188.78
190.22
191.755
191.325
188.735
189.575
192.085
192.31
190.85
190.35
189.08
191.235
193.045
194.82
193.69
191.065
190.175
190.05
192.305
192.975
192.16
191.225
193.07
195.725
196.5
196.47
194.335
189.79
191.855
193.99
194.05
194.13
192.015
193.79
196.665
198.14
198.37
196.24
193.415
193
195.89
196.375
194.37
195.19
194.505
197.785
198.895
199.115
199.4
197.015
193.77
196.265
198.035
197.135
194.17
196.43
196.78
200.135
200.985
199.61
195.63
195.6
196.33
197.8
198.41
197.14
196.38
198.375
201.61
202.98
199.97
198.27
198.035
198.27
199.805
200.11
199.425
198.89
199.205
199.66
201.965
202.35
199.9
197.13
200.18
199.925
201.085
200.265
198.955
199.28
202.625
202.405
202.56
201.625
199.47
201.135
200.965
201.105
199.405
198.775
200.115
202.675
203.82
206.125
204.715
201.855
200.53
201.59
201.395
203.125
200.95
200.955
203.155
205.955
205.84
205.175
203.575
200.05
200.725
202.985
202.03
201.785
200.9
203.57
205.92
206.955
207.77
203.49
201.82
201.545
202.065
203.215
201.94
201.085
203.095
206.39
206.59
206.395
203.415
201.975
201.165
202.27
201.71
201.245
201.01
202.515
204.79
205.375
206.415
206.245
202.25
200.625
202.09
203.08
203.06
201.73
204.2
202.19
205.045
204.915
204.11
201.89
199.975
200.96
201.56
201.43
200.085
199.69
201.43
204.525
207.04
206.09
202.26
200.41
201.66
201.175
201.31
199.11
201.72
200.705
204.69
204.975
204.525
202.11
198.605
200.74
199.44
200.235
200.605
198.895
200.575
203.735
203.605
204.93
202.005
199.45
200.115
200.145
202.3
199.7
197.82
200.855
200.455
202.84
203.565
202.895
197.245
198.885
198.385
199.77
199.845
196.86
199.175
200.145
201.27
203.15
201.65
200.185
197.795
196.42
197.295
197.035
196.02
196.055
198.315
201.43
200.635
200.03
199.58
194.91
194.54
197.96
196.76
197.34
196.49
198.45
201.025
203.505
201.315
198.7
198.31
196.275
196.25
197.77
197.665
198.385
198.61
201.465
202.84
202.675
201.41
199.455
199.21
199.06
197.75
198.94
198.07
198.155
200.525
200.515
203.38
203.14
200.835
198.21
197.375
198.75
198.325
198.34
197.89
199.9
203.385
203.565
203.145
201.62
199.505
198.9
199.505
201.125
198.89
198.52
200.72
202.445
203.665
202.885
200.485
198.235
198.48
198.52
199.85
198.245
197.535
198.525
200.46
204.265
203.01
201.155
198.165
197.04
197.385
198.805
198.825
196.985
198.47
201.105
202.56
202.645
202.335
199.895
198.46
200.145
202.49
201.63
201.025
200.11
202.925
204.49
205.875
204.3
203.62
200.5
200.435
202.845
200.295
201.16
200.79
202.2
205.03
206.275
207.1
202.685
200.37
200.835
202.44
203.375
201.22
200.31
202.9
205.005
204.835
206.42
203.975
201.93
200.9
202.625
204.065
202.23
200.185
201.085
205.775
206.86
208.19
206.785
205.245
202.01
201.675
201.435
202.535
201.15
204.285
204.71
207.41
208.63
208.49
205.83
203.775
201.625
202.5
203.625
202.86
203.775
202.705
207.24
207.99
208.51
207.65
205.52
203.425
203.765
204.105
203.795
204.03
204.54
207.905
210.205
209.765
208.875
206.535
205.725
205.25
205.705
205.45
204.73
206.28
209.22
211.29
212.965
210.96
207.885
205.95
205.235
206.45
206.99
206.15
205.555
204.92
208.5
212.44
210.545
207.58
205.99
208.42
209.53
207.93
207.225
209.66
214.265
213.195
214.015
211.84
209.005
209.31
208.71
209.51
208.835
209.015
210.655
212.63
212.215
212.005
212.07
207.88
208.35
207.675
208.67
206.355
207.63
209.245
210.46
213.895
214.605
212.28
210.29
208.095
207.605
207.475
206.84
206.19
207.99
209.61
214.525
213.275
212.61
210.335
208.8
205.89
209.12
206.895
206.185
206.595
210.645
212.33
212.545
212.72
209.665
207.47
205.515
206.3
207.225
206.57
206.325
206.33
210.68
211.395
208.285
209.18
204.935
203.99
203.255
205.155
204.4
205.15
204.88
207.225
206.54
208.68
207.095
204.73
203.73
203.035
204.13
203.895
203.59
205.89
206.535
208.815
208.14
208.7
206.1
204.37
204.64
204.85
203.155
203.29
204.23
206.69
209
209.595
210.075
205.96
205.605
205.51
205.345
205.095
203.43
205.485
206.225
210.44
211.375
210.08
208.65
207.055
205.43
206.065
207.26
205.725
207.6
208.9
209.585
212.055
212.445
210.315
206.755
205.275
205.6
207.21
204.615
205.78
204.865
210.235
213.34
211.91
210.405
208.6
207.93
207.905
209.655
208.875
208.345
208.68
210.73
212.565
214.5
214.32
209.24
208.9
208.185
211.415
209.42
210.275
209.31
210.52
212.98
214.06
212.01
209.905
209.33
208.06
207.9
210.02
210.105
208.405
210.675
212.66
216.26
214.865
212.035
210.04
210.105
210.19
211.1
211.09
211.04
211.24
214.075
216.25
215.145
215.685
212.48
211.375
211.705
211.27
212.21
211.82
210.78
212.325
215.34
217.07
214.01
213.58
211.58
211.135
210.73
210.225
208.795
210.915
211.95
213.325
215.555
214.3
212.56
210.29
210.73
210.085
211.075
211.505
211.265
211.335
215.975
217.755
216.105
215.06
211.895
210.835
212.22
212.365
210.68
210.41
212.91
214.565
215.68
215.94
214.45
213.685
211.93
211.71
211.405
211.595
212.135
210.72
211.85
215.085
214.73
215.495
212.755
211.46
209.745
213.835
214.925
212.36
211.92
214.555
217.22
217.74
216.63
213.965
213.25
212.29
213.075
212.145
211.305
213.07
212.87
215.31
217.25
216.055
215.23
214.39
212.28
212.355
211.73
213
211.675
212.65
213.965
216.04
215.615
214.41
212.465
212.14
211.58
213.115
213.735
212.675
213.19
216.245
216.605
216.86
216.99
214.115
213.44
212.92
215.145
213.455
211.77
214.03
214.32
216.725
217.74
217.19
216.845
212.065
212.58
214.145
215.625
213.105
213
214.075
216.17
219.31
218.46
213.39
213.245
213.695
214.71
213.5
211.915
211.095
214.805
215.83
215.6
218.535
214.585
213
211.73
214.315
213.195
214.925
212.765
211.935
215.52
217.425
216.92
215.29
211.19
209.85
212.75
213.575
212.35
211.33
210.625
211.96
215.7
214.63
214.515
213.465
210.375
211.205
214.495
211.76
211.135
210.185
210.68
214.935
215.31
214.615
212.985
211.63
210.795
211.44
212.345
210.43
208.935
210.9
214.29
214.07
215.065
212.765
210.79
211.105
211.125
212.335
212.02
211.48
210.22
212.79
215.39
215.82
214.29
211.605
210.305
212.305
213.425
212.7
211.77
212.355
212.23
215.925
216.04
214.705
214.865
211.445
213.525
216.485
214.395
212.33
213.56
213.68
216.31
218.855
216.24
214.535
210.9
213.485
211.695
213.18
211.775
210.535
211.965
213.225
215.115
216.37
213.89
212.41
210.88
212.58
213.95
213.705
210.1
212.005
217.15
216.41
218.995
216.015
214.995
215.26
215.57
215.61
217.005
215.275
214.42
216.655
219.325
220.255
219.49
215.79
214.035
211.575
205.415
207.385
206.8
212.1
213.055
211.745
211.89
208.69
207.33
209.935
210.545
210.375
209.04
207.235
207.925
211.5
211.5
212.64
209.645
206.745
207.325
208.19
207.645
207.475
206.38
207.185
208.84
211.225
209.04
206.73
205.9
204.765
206.795
208.21
206.795
206.03
206.69
205.845
208.16
208.52
208.23
205.45
204.895
206.01
207.905
207.27
206
205.945
206.55
208.39
208.95
208.97
206.42
205.01
206.925
207.09
207.55
205.85
206.145
205.88
210.36
209.075
210.145
208.765
205.98
206.29
210.045
207.47
207.05
207.265
207.265
208.065
210.215
209.36
206.92
206.155
204.72
207.55
206.3
206.035
203.19
205.12
208.515
211.115
210.205
211.385
207.145
206.4
206.875
208.31
208.2
206.205
207.1
208.555
208.63
212.3
209.055
206.495
206.62
207.11
207.42
208.79
206.75
206.24
207.64
211.73
212.525
210.79
210.085
206.4
207.9
208.945
207.955
209.095
206.415
206.74
209.775
211.85
211.525
206.67
206.43
206.325
205.91
207.865
206.485
207.175
207.835
209.025
210.825
210.265
209.825
208.355
206.545
206.735
208.1
206.825
205.375
206.715
207.84
210.485
211.24
209.63
207.44
205.095
207.045
208.165
206.67
206.35
203.85
206.92
210.545
211.125
208.23
207.565
205.03
205.145
207.91
206.235
205.95
205.435
207.54
208.7
211.895
208.87
209.575
206.76
205.665
205.9
207.88
205.47
206.1
206.005
209.85
210.475
210.895
208.735
206.5
206.84
205.45
206.83
207.125
205.96
206.145
209.1
209.69
209.32
208.19
205.15
204.9
206.12
207.79
206.725
204.775
204.8
208.62
211.38
211.055
209.04
205.11
204.145
205.295
205.555
205.55
204.16
204.02
205.88
207.51
208.93
206.315
205.865
205.28
204.21
205.85
206.31
203.88
205.315
204.86
207.395
208.065
207.83
206.505
204
203.74
204.685
206.925
206.42
201.53
204.83
206.955
208.11
208.59
206.98
204.52
201.515
203.78
204.395
204.445
202.625
203.975
206.18
207.305
209.165
206.175
206.175
203.32
205.63
206.86
207.615
203.01
202.595
203.66
207.74
208.475
206.8
207.125
204.27
204.845
206.225
204.495
205.46
204.31
204.97
208.205
210.2
209.565
207.19
204.465
204.145
203.975
205.315
205.395
205.32
204.57
206.365
209.06
207.305
205.31
203.855
202.825
204.2
205.865
206.405
203.85
203.935
205.75
208.77
207.11
207.365
205.41
202.72
203.56
206.795
207.33
204.695
203.965
205.99
207.93
209.415
208.23
205.92
203.83
203.59
206.74
207.165
203.235
203.805
206.03
208.59
208.565
207.48
207.625
204.895
202.565
204.82
204.555
203.225
204.125
206.5
208.305
209.795
209.53
207.38
204.615
204.45
205.795
206.93
205.515
204.8
204.955
209.645
210.355
211.875
210.19
208.455
206.465
205.78
208.61
207.065
205.315
207.19
207.64
211.845
210.085
210.39
207.665
206.78
205.73
207.245
207.955
204.76
205.775
206.485
208.12
208.95
207.825
205.055
204.55
206.315
207.225
206.94
206.595
205.345
205.495
208.065
210.82
207.22
208.105
205.285
205.02
206.51
206.05
203.565
204.655
204.525
206.425
209.225
209.38
209.27
205.84
204.805
205.04
207.01
205.605
204.92
203.555
207.71
209.44
209.205
209.15
206.965
205.94
207.92
206.465
208.295
207.325
206.52
207.57
208.66
211.835
209.275
208.27
205.835
206.39
209.885
209.265
207.95
206.8
208.035
211.415
212.9
212.765
210.415
207.775
207.12
208.15
209.415
206.625
207.215
208.395
212.64
211.87
214.35
212.285
207.94
207.72
210.51
209.015
209.89
209.745
208.305
209.575
208.96
204.925
207.345
207.21
206.335
207.64
206.865
204.665
205.445
206.915
210.87
209.725
210.115
206.68
204.02
205.26
205.49
206.16
204.665
204.57
205.655
207.505
206.93
204.185
205.97
201.315
202.24
203.39
204.02
202.22
200.76
201.785
204.2
205.275
205.555
204.735
201.99
202.285
202.15
203.15
203.7
201.92
204.28
205.925
208.03
208.82
207.66
205.915
204.135
204.475
206.155
205.8
205.375
204.99
205.69
209.17
209.405
208.225
205.54
203.435
204.51
207.34
206.605
204.48
202.63
205.425
208.16
207.83
208.56
206.86
204.69
205.46
205.865
206.36
205.185
205.52
206.56
208.515
209.025
209.09
208.025
204.285
205.65
204.91
205.695
205.33
205.885
205.955
206.92
208.91
212.28
210.215
208.13
206.87
206.145
207.03
209.575
207.17
206.655
206.99
208.755
209.345
209.71
208.5
205.55
205.385
207.36
206.995
204.96
204.235
205.51
208.88
211.585
209.1
208.01
205.98
205.32
207.41
208.645
207.035
205.125
206.395
209.46
210.475
209.595
209.73
205.595
204.875
208.25
207.9
207.855
205.95
205.93
207.735
210.805
211.865
209.355
207.235
204.86
206.995
208.41
208.21
207.17
208.31
207.525
211.61
212.955
213.16
211.08
208.31
209.165
210.33
209.965
210.185
208.81
209.375
212.715
211.315
213.07
210.68
208.075
207.025
211.025
211.51
210.175
208.99
209.265
212.635
213.71
214.325
211.21
210.2
209.9
211.535
212.375
211.39
211
211.665
211.925
213.025
212.945
211.945
211.455
210.255
211.35
212.985
213.61
209.77
210.375
212.53
215.6
214.86
214.285
210.97
209.695
210.595
213.825
214.63
211.97
210.255
212.025
214.365
216.735
215.46
212.365
210.045
211.315
213.4
214.305
211.705
211.54
212.71
215.515
215.215
213.99
214.565
211.03
210.625
212.005
213.22
214.485
209.68
212.56
214.595
216.235
215.575
214.93
211.825
210.685
213.415
213.82
211.01
209.49
210.32
211.265
213.355
212.805
212.195
208.695
208.065
210.405
214.35
211.34
210.595
209.37
210.36
212.375
212.885
212.8
210.18
209.78
210.45
212.825
212.425
210.035
209.43
210.495
211.795
214.41
213.93
210.965
210.76
210.815
212.68
213.67
213.585
211.37
210.29
212.12
212.97
212.215
211.385
208.065
210.38
212.94
213.46
212.955
211.41
210.115
212.775
214.785
214.375
212.785
212.44
210.13
212.86
214.175
214.64
211.375
212.92
209.67
215.135
213.305
212.73
210.795
210.52
210.625
211.435
213.545
210.245
209.725
208.9
213.135
215.085
213.78
211.09
209.935
211.975
213.24
213.885
212.5
211.39
212.17
212.885
216.335
214.37
213.245
211.94
209.885
213.015
214.635
214.345
211.355
211.245
212.08
214.46
215.61
214.55
211.36
210.7
212.615
214.79
214.265
212.075
212.04
211.69
215.51
216.6
214.95
212.325
211.855
212.925
214.56
213.82
212.805
210.12
212.555
214.895
217.01
214.51
212.595
212.47
213.185
214.76
215.3
213.775
212.775
212.705
216.03
216.97
216.005
213.72
211.685
213.55
215.22
215.645
213.885
212.97
212.91
215.185
218.59
218.2
216.545
213.4
214.41
215.79
217.1
214.835
213.87
214.285
215.6
215.625
218.515
216.985
213.04
214.055
215.43
215.88
216.86
214.815
213.56
216.62
217.175
217.66
218.675
216.84
215.985
216.28
217.71
218.315
217.135
214.47
214.065
217.255
218.85
218.49
217.495
215.285
215.095
217.56
218.485
219.225
216.26
216.875
219.26
220.435
221.695
221.375
217.12
216.625
217.875
219.28
217.54
215.14
216.14
218.3
219.48
219.725
219.035
213.835
212.745
214.475
213.155
208.36
213.38
212.945
216.17
218.105
216.94
215.3
214.325
211.705
214.84
215.075
213.45
212.485
212.75
214.66
216.41
215.515
214.585
213.59
209.495
213.23
213.855
213.075
211.41
211.59
214.02
214.685
216.25
213.53
213.1
211.925
213.615
214.645
215.125
212.2
213.06
214.91
218.61
218.415
218.545
215.205
214.045
214.135
217.135
216.51
216.145
215.415
216.015
219.08
219.855
219.015
216.3
214.825
216.06
218.535
217.105
215.47
215.005
216.06
218.38
221.235
219.185
220.06
215.775
214.935
217.405
219.35
215.81
215.825
214.965
217
219.515
220.53
217.955
215.68
215.66
216.2
216.81
217.375
215.15
214.68
216.895
219.27
219.555
216.37
214.46
212.25
214.035
217.46
216.43
213.92
211.35
213.575
213.815
214.095
214.7
212.04
210.235
210.015
211.02
211.77
208.65
207.31
209.445
212.365
213.47
212.955
210.05
208.765
207.88
211.315
209.525
210.535
209.445
209.375
210.95
211.815
213.05
211.17
208.11
206.625
207.705
209.095
206.73
205.755
207.53
208.945
210.6
211.63
211.085
206.975
207.015
207.96
210.89
209.965
208.125
207.725
209.36
213.215
213.875
212.46
211.21
209.415
210.625
213.825
213.15
210.585
213.89
213.49
216.76
217.95
217.94
216.58
215.775
215.98
218.105
219.355
214.89
214.89
217.42
219.47
220.05
218.99
217.99
217.1
217.26
217.47
218.41
217.27
216.335
216.885
220.005
218.7
220.885
220.15
215.265
217.975
216.005
218.475
217.455
216.9
217.905
218.995
221.2
220.73
218.085
217.815
216.525
217.665
218.775
218.59
217.72
216.78
218.605
221.02
222.175
221.81
218.675
217.575
217.81
219.605
220.38
219.335
217.545
221.06
221.9
221.575
222.24
218.61
219.255
218.675
221.945
220.865
219.585
219.99
220.255
222.025
223.16
223.58
223.89
220.46
219.47
222.555
223.255
222.19
220.235
220.15
222.24
225.465
224.685
224.965
220.925
219.635
222.74
223.64
220.975
218.835
220.68
220.73
224.625
224.14
222.64
221.87
220.75
222.08
224.155
222.68
222.415
220.425
220.955
222.39
223.965
224.125
222.05
220.33
220.12
222.13
222.645
221.595
218.465
219.73
222.45
224.36
224.345
223.13
220.78
220.62
223.455
223.405
222.87
222.935
220.86
222.235
224.38
224.325
223.64
222
221.465
221.935
221.81
222.075
220.945
221.875
221.05
225.03
224.535
223.8
221.725
221.27
222.36
224.525
224.075
219.715
219.5
221.46
223.55
225.735
225.14
221.555
220.5
222.235
224.955
224.42
224.345
220.885
221.24
224.18
226.485
223.43
224.775
222.67
221.58
223.215
225.245
222.36
221.965
222.085
223.25
226.63
228.295
226.94
223.37
223.145
224.4
225.005
225.61
223.205
222.645
224.92
227.68
228.35
227.555
226.485
225.465
224.57
230.18
229.365
227.015
224.77
226.2
229.81
230.84
230.655
226.505
223.575
224.945
224.65
226.935
225.345
224.265
222.985
225.615
229.03
227.62
227.25
225.485
224.71
225.26
227.425
226.595
226.18
224.735
227.73
229.76
228.55
228.06
226.675
224.485
224.16
226.615
226.345
223.23
223.685
226.855
228.785
230.09
227.71
227.77
224.69
226.28
227.89
228.615
227.645
227.2
226.485
229.7
230.575
229.63
227.94
225.36
227.095
227.395
228.93
227.51
224.59
227.87
228.79
231.69
231.23
228.76
227.345
227.045
228.92
228.935
227.64
224.705
226.065
227.4
229.38
228.585
227.6
228.245
227.37
226.425
228.77
229.675
226.33
227.515
227.775
232.515
233.605
232.945
230.71
229.115
229.22
232.13
231.095
230.215
227.805
229.43
230.775
230.265
216.19
220.695
219.92
223.095
222.915
220.36
219.235
220.94
221.06
224.215
223.43
221.84
220.385
218.8
219.775
220.72
219.72
219.025
219.715
221.755
223.705
225.045
222.495
218.515
219.24
218.875
221.485
220.835
219.585
220.04
221.34
223.995
225.295
224.99
221.33
218.325
220.95
224.43
224.235
223.785
221.565
220.945
225.635
224.96
224.705
224.445
220.805
222.995
225.515
224.57
222.725
222.085
221.74
223.94
226.16
225.245
224.46
223.495
222.93
223.215
225.31
223.595
223.715
225.015
225.355
226.075
226.405
227.135
224.71
223.37
224.94
224.865
226.75
224.83
223.93
225.2
227.105
227.595
226.05
225.04
222.33
225.555
225.82
226.775
225.04
222.34
226.355
227.565
226.44
227.56
225.485
222.7
224.27
227.325
226.96
227.155
226.035
224.095
227.46
228.785
228.905
226.715
225.955
224.61
226.38
226.33
224.975
223.155
223.55
225.955
228.195
227.68
225.665
225.265
222.33
225.25
225.01
226.625
221.875
223.385
227.32
228.22
227.47
227.17
224.725
225.105
224.83
229.165
227.74
225.98
226.625
227.99
229.8
227.7
229.165
228.345
225.85
226.675
228.36
226.055
226.43
228.535
228.4
229.025
229.915
229.275
227.97
225.24
225.07
226.975
226.97
224.66
222.505
225.49
227.07
227.765
226.66
226.475
225.575
225.39
226.81
228.11
226.27
225.255
225.9
228.51
228.255
228.42
226.12
225.15
225.41
226.89
227.52
228.445
224.56
225.235
228.66
228.365
228.32
226.85
225.485
223.73
227.855
229.255
226.575
225.2
222.075
223.83
226.115
227.24
225.785
224.68
222.775
223.025
223.2
225.02
222.765
223.735
224.09
225.48
227.715
226.765
224.295
224.075
226.28
229.265
227.88
226.97
225.3
225.855
227.04
227.865
227.905
226.025
224.645
225.045
227.07
226.345
226.575
226.515
226.035
226.125
230.625
230.265
227.725
227.335
225.755
227.845
227.995
227.205
224.35
224.565
225.965
226.825
227.47
225.77
226.405
225.395
225.99
228.275
226.785
225.1
224.795
226.135
228.73
229.39
229.38
227.17
224.555
225.92
227.13
228.915
227.36
224.56
225.09
228.815
228.395
228.91
226.92
223.99
225.625
226.37
227.235
228.185
224.18
226.155
225.57
229.275
228.425
226.33
223.88
225.05
226.82
227.19
226.775
225.2
224.905
227.385
228.37
229.61
225.215
226.01
225.38
225.115
229
229.05
227.515
226.865
227.535
228
231.905
229.375
228.08
228.175
230.17
229.495
229.745
229.29
228.115
228.53
230.165
231.085
231.02
230.565
227.42
230.45
231.415
229.585
230.875
226.69
231.21
231.045
231.01
230.535
231.075
227.19
230.39
232.22
230.985
231.285
229.155
229.475
230.325
231.96
232.325
232.85
228.81
229.075
231.735
231.47
231.42
228.07
229.14
230.075
229.545
231.745
232.985
229.625
229.72
230.075
232.85
231.79
231.42
231.535
227.99
233.195
233.675
233.5
231.37
230.635
231.46
233.37
232.725
230.65
231.28
230.755
232.725
234.435
233.61
232.2
229.48
232.135
231.1
235.605
234.1
232.72
234.54
235.945
236.905
236.935
234.505
231.305
232.935
234.26
236.445
235.425
233.425
233.285
233.82
236.03
236.815
237.34
233.29
233.385
237.585
237.34
238.345
236.675
235.665
235.465
239.01
239.69
238.545
235.38
234.03
235.25
237.895
237.865
236.115
234.745
234.79
237.775
239.305
240.275
235.425
236.26
237.405
237.285
237.905
238.82
235.96
235.095
237.125
237.745
237.86
236.07
235.055
235.23
235.605
237.04
239.78
236.475
236.81
237.26
239.15
239.075
239.615
235.185
235.61
236.935
237.8
232.47
233.78
240.245
243.535
245.56
243.965
242.9
239.875
241.66
241.32
242.59
244.285
242.085
239.985
241.71
243.16
244.05
244.18
238.945
241.085
242.165
240.375
239.145
239.79
237.275
239.08
239.43
240.58
240.675
238.625
235.875
238.93
239.65
240.915
239.205
238.475
236.74
239.29
239.61
238.635
238.83
235.77
235.57
238.735
238.495
235.5
233.995
233.325
236.02
239.92
238.06
236.155
234.19
235.76
237.555
239.805
237.39
236.03
236.91
237.98
239.71
238.08
238.285
234.605
234.145
238.255
236.085
237.07
234.275
234.055
235.505
237.165
238.25
237.155
234.715
232.925
237.07
238.9
237.33
234.66
234.54
235.265
238.515
238.01
239.225
237.4
235.79
236.13
239.31
238.19
237.185
234.655
235.215
237.985
236.675
237.805
236.105
234.25
235.015
235.71
237.34
237.855
233.43
234.91
236.57
237.015
238.465
237.035
235.38
233.925
235.3
237.48
236.395
236.11
233.33
236.215
238.095
236.715
236.94
235.875
234.88
236.9
236.705
237.51
234.2
234.645
235.545
235.06
237.3
237.17
236.785
234.345
236.49
238.08
235.765
233.94
234.065
235.795
238.04
238.035
237.86
236.28
235.32
235.4
236.065
237.055
237.69
236.72
236.98
237.08
237.285
239.155
238.375
236.365
237.545
238.46
239.86
238.595
237.38
236.725
239.945
240.08
240.925
240.075
237.63
239.47
240.285
238.895
239.765
237.71
237.14
238.255
239.74
241.19
238.115
237.34
236.065
236.24
239.765
238.26
237.905
238.13
238.245
238.26
238.74
239
237.56
235.72
237.775
238.36
239.71
238.845
238.95
237.005
239.005
240.285
241.585
239.725
236.41
237.985
239.535
238.215
236.885
237.105
237
239.05
240.67
240.585
240.65
237.51
238.26
239.145
239.195
240.34
236.91
236.99
239.365
239.45
241.13
240.785
236.85
238.09
237.975
240.78
237.28
236.515
237.06
237.96
238.255
240.425
238.73
238.325
235.44
238.445
239.1
240.61
237.55
235.69
235.185
238.71
238.425
239.31
235.26
233.915
236.13
234.22
233.58
233.73
231.36
232.555
233.11
233.59
232.21
233.415
227.705
227.14
229.82
228.27
229.975
227.315
228.475
230.225
229.72
230.77
232.89
226.55
226.245
227.615
228.56
229.575
228.33
227.64
229.69
233.375
232.985
229.54
228.45
226.565
227.78
230.395
229.78
228.295
227.85
228.71
230.275
230.065
230.69
229.38
227.2
228.015
230.2
231.695
232.93
230.86
230.695
232.97
233.34
231.96
234.055
229.91
231.18
232.735
233.32
232.855
230.845
231.475
234.505
235.115
235.38
233.945
232.895
231.47
230.74
234.085
233.12
230.18
230.58
232.575
233.205
233.45
233.53
229.5
230.735
232.325
234.605
231.335
230.595
230.78
232.07
233.91
233.375
234.17
232.485
231.025
233.015
234.795
234.185
231.835
229.16
231.67
234.475
236.28
235.705
233.38
230.735
231.62
235.06
233.725
232.695
231.25
231.44
232.65
234.42
235.875
232.64
232.3
233.045
233.925
233.85
232.78
232.65
231.075
234.06
235.91
236.785
236.01
233.865
231.495
232.99
234.255
235.025
233.36
232.305
232.685
236.035
237.575
235.11
233.67
233.915
231.005
233.53
233.66
233.005
230.865
233.015
233.885
235.36
235.915
234.15
231.11
231.59
231.89
234.165
232.49
232.985
235.33
236.765
237.59
237.645
237.815
232.91
234.775
235.675
237.005
236.13
233.385
233.2
236.255
237.945
240.835
237.225
236.165
234.73
237.565
237.095
238.54
236.715
237.005
236.98
241.795
240.645
242.265
238.435
238.185
240.475
241.25
242.46
241.02
239.45
241.465
242.8
243.175
240.365
232.01
236.545
237.825
240.7
237.895
236.795
236.75
237.3
240.85
240.685
238.32
233.74
233.51
235.645
237.495
236.82
236.36
234.77
238.39
238.49
239.275
238.765
236.835
235.265
235.9
238.24
237
234.83
234.9
235.7
238.555
238.71
238.7
235.465
234.54
237.365
238.205
236.755
236.83
235.345
235.415
237.55
240.14
238.755
237.725
235.77
235.205
237.495
239.425
235.18
233.405
234.865
238.085
240.195
238.145
239.09
233.315
233.94
237.845
236.495
235.455
233.485
233.485
235.62
236.09
236.715
234.065
233.825
230.885
234.07
234.165
235.455
232.505
232.02
231.395
233.29
234.22
234.325
233.42
231.815
231.84
234.575
233.405
232.72
231.165
231.615
233.03
235.455
233.495
234.15
230.485
231.08
233.27
233.345
232.23
231.975
230.705
233.66
233.76
233.56
231.115
229.34
230.02
231.595
232.48
231.78
230.055
228.06
227.815
231.665
229.745
229.675
227.295
227.105
228.48
230.105
227.52
226.39
225.935
227.095
230.81
230.225
231.34
227.99
227.315
229.43
228.85
231.39
229.795
228.245
230.06
231.49
232.695
232.77
230.875
229.145
230.625
231.71
232.14
229.32
228.42
228.22
230.35
230.82
231.205
230.115
228.45
227.72
228.87
228.975
229.995
225.88
226.28
227.375
230.725
230.17
228.245
227.13
225.935
228.385
229.5
229.68
226.66
225.94
228.625
230.35
229.025
230.17
229.785
227.235
227.865
230.12
228.015
228.19
227.55
228.505
229.83
231.865
229.605
228.2
227.44
226.915
229.635
229.13
226.79
224.72
227.725
227.965
230.655
230.52
227.715
225.75
226.66
228.39
229.2
231.12
228.28
226.665
232.55
232.445
230.63
229.55
228.275
227.875
229.815
231.315
230.405
228.835
228.305
230.355
231.54
232.57
231.38
228.695
228.445
230.065
229.465
230.87
229.465
228.56
230.57
231.96
232.92
232.955
229.8
227.91
228.695
231.67
231.615
229.175
229.115
230.205
233.265
233.83
231.96
228.65
228.035
228.98
229.06
229.94
229.95
227.42
228.495
231.985
232.56
230.64
229.94
228.325
227.735
230.21
231.66
229.655
227.495
227.695
230.53
231.705
232.525
231.7
228.515
226.68
230.14
230.295
229.86
228.87
227.195
230.265
230.11
231.16
230.265
228.195
226.455
229.37
229.11
229.575
227.735
227.145
228.345
230.48
231.145
230.38
226.705
224.485
227.48
227.69
226.205
227.46
225.405
223.895
228.83
230.25
230.48
228.37
225.04
225.8
226.9
228.04
227.7
225.595
225.705
226.635
228.47
228.22
224.81
224.815
225.23
226.595
228.935
228.48
225.575
224.525
227.865
229.525
228.7
228.835
224.905
225.63
228.205
229.11
228.37
226.145
225.945
226.425
230.03
229.78
229.58
226.955
227.695
228.545
228.065
228.945
228.465
228.04
228.365
231.095
231.115
229.84
229.85
226.73
227.545
230.17
231.885
230.225
227.05
229.07
232.58
231.57
231.735
231.06
228.11
227.95
229.77
230.405
229.345
227.29
226.805
227.905
228.965
232.155
230.415
226.79
226.68
228.105
230.43
228.005
226.27
225.98
227.83
230.56
231.18
229.58
228.675
226.9
227.97
229.68
230.19
229.69
226.49
227.38
231.075
232.515
228.88
228.645
226.48
229.17
231.27
230.43
228.955
226.795
226.92
228.705
227.885
228.165
226.795
224.935
224.485
227.03
230.81
229.785
224.9
226.655
228.95
229.94
229.58
228.075
228.68
227.385
229.005
231.38
230.2
227.815
227.035
227.91
231.1
230.595
231.49
227.65
226
227.665
229.805
230.3
228.73
228.075
227.845
230.165
230.605
230.015
227.925
225.825
227.2
229.815
229.78
224.545
224.285
230.995
233.075
231.095
231.04
229.18
227.97
228.98
230.8
230.86
226.765
228.52
229.08
230.665
231.785
228.725
227.575
225.85
226.95
227.4
228.465
227.655
226.515
229.765
231.355
231.24
230.07
227.18
226.615
228.12
229.205
229.38
229.4
227.53
228.69
231.09
232.165
231.9
229.575
224.69
226.29
230.83
228.985
229.135
227.775
226.61
229.63
230.73
229.245
225.995
225.055
227.21
231.175
231.17
231.465
228.665
227.475
231.365
233.08
229.505
229.225
226.2
226.185
228.3
231.465
229.47
227.385
226.17
228.515
229.945
231.045
231.215
227.925
227.355
225.245
229.415
229.21
227.96
227.32
226.235
231.17
229.585
229.925
227.87
225.555
228.46
229.09
229.78
227.18
225.865
227.875
228.485
231.48
231.435
231.435
227.475
227.955
228.25
228.655
228.745
226.57
226.395
230.235
229.955
231.49
230.115
227.485
227.43
228.425
230.2
227.64
228.135
225.58
228.91
228.935
229.605
230.745
227.275
227.96
227.125
227.975
228.685
227.115
227.84
229.095
231.02
233.71
232.315
231.075
229.28
228.07
229.385
229.68
227.315
226.755
230.365
232.63
232.245
232.335
229.965
229.02
226.28
229.5
231.035
229.16
229.3
226.71
232.065
232.365
232.74
231.375
227.36
226.105
227.93
230.99
227.985
228.29
226.87
231.47
230.44
229.405
230.62
228.25
225.34
227.92
227.705
227.04
224.545
225.15
227.72
231.695
231.595
230.865
226.615
225.31
227.655
227.695
229.035
225.175
225.23
228.65
230.805
231.95
230.89
226.905
227.58
225.92
228.86
228.14
226.7
226.5
226.815
230.625
230.625
230.49
228.695
226.4
226.215
227.29
226.445
226.115
222.545
224.65
227.49
229.655
228.76
227.625
224.265
223.62
223.455
225.94
225.09
223.925
224.47
228.165
229.185
228.58
227.505
225.645
224.635
223.8
225.805
226.445
225.605
225.335
226.005
228.045
228.16
229.63
227.435
225.21
225.47
226.285
226.285
225.78
223.37
224.655
228.67
228.785
229
226.915
225.515
224.14
225.935
227.405
226.835
223.11
221.845
228.03
231.915
231.69
228.58
227.405
227.085
227.91
228.935
228.96
226.315
227.36
228.725
230.975
231.61
230.425
227.705
226.37
228.055
227.695
228.605
225.325
227.585
228.96
229.865
229.835
230.175
227.85
225.31
225.35
226.735
226.995
226.265
225.28
225.96
230.29
231.25
228.925
228.655
226.53
224.425
227.45
228.67
227.1
227.495
228.745
229.52
230.4
230.715
228.435
227.98
227.76
228.565
228.76
230.51
229.025
228.96
229.815
233.65
232.495
232.385
229.765
228.035
228.61
231.6
230.79
228.88
227.29
231.77
232.405
232.435
230.48
229.585
228.49
228.755
230.945
231.48
229.03
227.66
230.645
232.56
233.855
232.785
231.325
228.29
227.87
229.91
231.16
227.665
228.935
227.625
232.285
231.725
232.29
230.675
228.12
228.785
230.925
230.3
230.315
229.3
231.655
232.345
236.07
234.935
233.71
229.57
229.485
231.005
230.575
231.44
229.99
227.61
231.98
233.775
234.46
231.605
230.01
230.26
228.66
231.995
230.005
229.305
230.48
233.635
233.96
234.615
235.41
233.12
232.26
230.335
233.095
233.77
232.675
231.6
234.155
237.765
237.82
237.455
234.97
233.89
233.105
233.6
232.025
231.21
230.56
231.71
233.43
236.61
235.035
234.155
231.665
230.995
229.595
232.545
230.49
230.34
233.03
234.755
236.415
237.16
236.63
233.695
231.19
230.745
233.865
233.19
232.645
232.75
231.955
234.78
238.04
235.405
232.45
230.88
231.15
234.895
234.49
233.01
229.435
231.85
234.985
236.975
236.14
230
216.595
223.605
224.5
224.515
222.885
224.125
227.46
227.11
227.985
226.935
223.06
222.91
223.12
226.09
224.74
223.71
222.305
225.555
228.735
226.98
227.9
225.3
222.025
221.75
223.44
223.46
221.975
221.165
223.34
225.475
225.645
223.99
222.35
218.635
219.88
221.68
221.325
219.21
218.215
221.51
224.065
225.01
224.405
219.77
217.095
217.055
219.285
220.625
218.925
219.365
220.9
221.325
224.33
225.465
223.14
220.14
218.945
220.14
220.165
217.545
216.905
217.995
222.015
222.225
222.345
222.205
217.33
216.785
216.61
217.835
218.17
215.595
216.36
219.15
220.055
223.29
221.085
219.47
217.93
218.605
218.71
218.085
216.705
217.34
218.955
222.51
221.055
222.395
219.355
217.715
216.935
217.625
218.135
218.485
216.51
217.46
221.245
222.595
223.705
220.585
216.88
217.095
217.78
219.575
217.445
217.01
217.715
219.885
220.735
221.05
221.06
216.1
216.925
217.255
216.53
217.925
215.845
214.715
218.635
221.88
223.065
221.655
219.355
218.15
216.63
218.955
218.665
218.645
219.29
220.48
222.375
224.035
224.705
221.83
218.87
219.02
220.115
219.55
218.805
217.37
219.415
223.92
224.855
224.445
223.985
219.61
219.095
218.5
221.58
219.82
218.61
217.96
221.295
222.755
222.39
220.02
219.805
218.715
221.53
221.09
219.855
219.77
218.92
221.71
223.37
225.425
223.82
221.46
219.665
219.775
220.995
221.63
220.165
220.815
221.96
224.37
226.28
224.845
222.18
220.425
218.65
219.595
220.06
220.46
217.235
219.335
221.415
223.23
224.46
221.99
219.44
218
218.505
218.095
219.925
219.73
219.305
220.92
223.87
223.675
224.455
221.425
219.195
219.785
219.875
220.375
219.23
221.99
223.63
224.93
225.15
226.015
221.64
221.035
220.46
223.505
222.62
222.345
222.525
223.295
224.895
225.625
224.235
221.415
219.33
217.885
221.135
221.705
218.985
217.215
219.73
222.755
222.99
223.07
221.435
218.555
219.51
220.925
220.79
219.715
218.38
221.155
223.525
226.19
225.335
224.79
221.51
220.93
222.305
223.665
221.46
220.225
222.275
226.45
227.815
225.41
225.985
222.545
220.67
221.015
221.64
222.955
221.025
222.135
223.89
226.605
224.34
225.56
223.475
219.915
219.935
223.555
221.675
222.68
219.54
222.71
224.07
224.565
224.875
222.21
219.07
218.135
218.95
220.55
217.69
218.865
219.305
222.935
224.2
224.345
222.645
220.11
219.48
219.135
220.035
217.58
219.055
219.925
223.065
224.59
224.58
223.155
220.67
220.805
220.585
221.61
220.805
222.01
222.94
222.405
225.48
226.13
224.58
222.685
219.625
221.62
220.595
220.73
217.92
218.34
218.4
221.195
224.145
220.815
219.005
217.185
216.99
216.89
218.955
216.735
215.505
216.93
218.41
219.645
220.91
218.43
215.75
213.75
214.855
216.64
215.045
214.63
215.095
219.47
219.685
220.995
218.24
216
213.605
212.34
214.935
214.255
215.465
215.2
217.185
218.5
219.13
217.225
214.695
214.85
213.565
214.41
214.885
214.385
213.45
217.93
220.39
219.61
220.44
219.335
218.755
216.315
217.705
220.17
220.56
219.69
220.375
225.47
225.88
223.5
222.515
220.105
218.775
218.8
221.45
220.05
218.71
219.74
220.425
223.34
224.025
221.12
218.595
219.68
220.515
219.155
220.98
218.645
218.755
221.83
222.785
225.125
223.845
221.54
221.355
220.415
222.365
222.63
220.86
221.81
223.56
228.365
227.275
229.4
226.215
225.17
224.3
225.43
224.88
224.54
224.615
226.77
230
231.055
229.19
227.435
226.195
224.965
226.19
227.9
225.61
222.71
220.75
230.305
231.8
231.17
228.61
226.08
226.32
229.045
226.505
225.5
226.945
228.875
232.145
232.33
229.935
227.805
225.39
224.895
227.125
226.49
224.425
225.915
226.41
229.505
230.805
230.645
228.4
228.265
226.775
229.6
230.63
227.705
226.02
227.66
231.805
229.84
233.08
228.785
225.475
226.01
227.29
228.09
227.51
226.745
227.3
228.33
230.295
231.51
229.535
226.69
226.555
225.99
230.86
227.14
227.15
226.515
228.38
229.83
228.79
226.37
224.605
223.015
221.43
223.81
221.815
221.145
221.57
222.34
226.05
227.025
225.065
221.43
220.755
219.465
219.285
220.52
219.51
217.765
219.57
221.095
223.555
223.315
221.855
217.765
217.37
218.905
220.105
220.665
216.48
220.54
222.555
223.405
223.605
223.695
220.92
220.405
220.95
223.715
222.705
222.29
221.565
223.325
225.535
227.51
225.53
224.69
222.3
222.34
224.105
224.605
223.295
223.73
224.72
227.875
228.265
229.545
227.94
226.45
225.395
226.41
227.205
224.3
224.19
223.6
227.53
230.785
230.88
228.865
228.33
225.595
227.84
229.29
228.355
225.055
226.205
231.685
231.85
231.36
229.605
226.635
225.825
227.06
230.37
227.82
226.875
225.84
228.265
231.585
232.845
230.355
227.485
226.13
227.625
230.845
229.64
228.48
227.87
230.525
230.49
233.635
231.29
229.465
228.095
225.16
226.405
227.76
226.22
226.5
226.83
231.305
232.95
230.005
229.1
228.1
226.17
229.34
229.69
227.925
226.775
225.835
229.18
228.865
228.51
226.24
224.36
223.71
224.025
225.49
225.375
221.56
222.52
226.055
229.955
228.755
229.36
225.76
226.16
227.815
229.63
227.575
228.18
227.365
229.28
230.225
229.89
228.59
226.37
226.49
226.71
226.445
226.145
225.055
224.26
227.005
231.435
229.525
228.775
227.42
225.03
225.665
227.9
226.755
226.365
224.82
226.295
230.445
231.58
229.735
229.815
226.515
227.05
226.28
228.105
227.755
225.5
227.01
228.655
229.995
230.395
227.625
224.68
225.13
226.13
227.66
225.9
223.775
224.01
225.915
229.065
228.86
228.44
226.84
223.875
225.245
227.02
226.325
223.92
224.76
227.155
230.07
230.115
230.535
226.405
226.68
226.175
226.42
227.95
226.68
226.42
227.64
230.535
232.645
230.845
230.845
225.315
226.135
227.17
226.91
227.02
224.73
224.865
228.205
227.455
227.925
223.975
222.385
221.22
221.78
224.97
222.585
220.025
222.855
222.935
224.465
226.43
223.55
222.56
222.65
223.605
223.8
224.28
223.25
221.91
224.595
226.68
226.095
226.975
225.675
222.535
223.34
224.015
223.43
222.715
222.635
225.85
226.605
228.63
227.475
226.17
224.1
224.76
225.83
229.065
226.98
224.84
227.495
230.075
232.95
232.445
231.475
227.865
229.995
229.93
233.53
235.595
235.885
237.57
236.89
237.915
237.305
239.635
235.25
235.86
235.86
236.875
236.715
235
234.415
234.405
238.39
237.24
239.29
234.61
234.43
234.41
236.79
237.445
234.455
234.48
236.04
237.305
240.605
239.175
237.025
236.55
236.005
235.12
237.365
237.585
236.9
235.58
241.705
242.34
239.415
241.01
235.605
236.425
237.74
238.58
238.435
238.005
237.955
239.875
239.195
240.965
238.345
237.28
236.365
237.97
238.71
239.12
237.475
237.515
236.82
238.635
241.325
239.89
236.985
235.195
235.38
239.09
238.705
236
235.17
238.39
239.025
239.94
239.18
238.215
236.705
235.49
238.59
238.23
238.235
235.78
235.575
237.615
241.9
240.72
239.025
238.095
237.88
238.61
238.535
239.255
236.455
237.05
240.295
240.085
238.485
237.345
234.495
222.935
230.025
229.695
227.505
228.44
228.775
232.665
233.685
230.175
230.285
228.865
228.09
229.74
230.535
228.44
226.155
229.155
232.165
232.395
231.145
230.525
226.55
226.475
228.305
230.665
228.065
226.17
226.7
230.125
230.66
228.39
228.16
225.87
226.03
225.72
227.61
228.085
223.17
225.625
227.815
230.095
230.19
228.18
227.77
226.565
225.935
227.48
227.365
225.66
226.735
226.4
229.37
231.32
230.08
229.24
227.73
227.32
227.32
229.285
226.15
227.61
226.745
227.97
230.795
231.695
227.755
225.09
225.89
226.885
229.35
225.82
225
226.19
228.5
230.18
229.825
226.265
226.94
224.755
224.98
225.075
225.82
224.67
225.955
225.4
227.76
228.39
226.705
223.885
224.595
225.68
226.46
226.44
224.25
222.815
225.735
227.85
226.685
228.455
226.44
221.605
224.175
225.89
227.66
225.12
222.45
223.865
226.46
228.115
226.475
227.62
224.535
224.045
223.17
226.08
225.845
224.12
225.79
229.095
228.58
230.685
228.535
225.285
225.32
225.23
225.89
226.43
225.705
226.54
228.4
228.25
231.17
228.935
228.255
224.895
226.195
228.085
227.21
226.245
225.495
226.48
228.515
227.925
229.86
225.065
225.44
225.41
226.285
226.675
223.8
222.905
222.97
225.65
228.825
227.485
227.01
225.58
224.095
224.505
226.2
224.68
225.395
225.745
227.62
228.855
229.615
228.115
226.435
226.435
227.535
229.155
227.64
225.65
225.1
229.185
230.315
229.89
230.68
227.5
226.25
226.305
228.555
226.405
225.27
224.55
227.925
229.225
229.975
228.275
227.2
224.7
224.165
221.565
225.82
224.27
224.825
222.77
226.4
227.98
225.89
226.325
224.04
221.175
222.555
225.34
222.265
223.03
226.18
226.62
226.415
228.51
227.455
222.715
224.615
223.165
223.885
221.52
222.67
224.66
223.605
227.57
227.375
227.12
224.4
223.545
223.53
222.67
223.61
221.445
223.445
224.435
225.945
227.82
225.945
223.44
223.19
221.375
222.215
222.49
223.04
221.49
224.56
228.44
226.78
227.355
224.9
224.545
221.72
220.655
222.985
223.555
223.455
225.205
227.42
229.05
227.655
225.22
222.06
222.93
224.04
224.11
223.79
221.95
223.875
227.24
228.1
225.82
227.835
223.02
222.075
221.595
223.075
222.535
222.13
223.59
226.835
227.565
226.69
226.48
224.51
222.91
222.655
222.86
224.705
223.725
222.82
225.88
228.44
229.525
227.515
225.585
225
224.075
225.865
225.27
224.225
224.08
225.21
227.45
228.105
228.27
227.355
222.685
224.07
224.705
225.91
225.39
223.23
224.025
227.46
230.9
228.745
228.195
222.83
223.455
223.495
223.51
223.975
224.135
224.195
226.82
227.895
227.8
226.775
224.305
223.87
224.68
225.37
224.73
225.115
224.585
226.355
230.375
230.03
229.95
227.095
226.375
224.985
223.46
226.26
226.63
225.03
228.48
229.22
227.675
229.525
227.785
225.46
223.205
224.64
224.89
225.575
225.305
225.615
230.075
230.185
229.515
228.025
226.31
224.71
223.76
227.115
226.725
226.51
226.84
228.535
229.765
229.99
229.01
224.98
222.99
224.475
226.365
225.115
227.05
225.95
227.68
231.19
231.05
229.955
228.25
224.945
227.05
227.555
228.135
226.3
228.41
229.035
233.335
232.68
232.78
232.015
229.295
228.455
231.435
229.04
228.31
229.56
232.3
233.32
235.26
236.125
233.97
231.3
231.69
232.17
232.575
232.255
232.675
233.065
234.905
237.99
236.31
234.255
232.185
228.75
231.29
231.485
230.42
228.185
231.845
232.94
236.485
236.71
233.65
231.51
230.945
227.725
231.22
229.47
228.515
224.455
226.11
228.51
230.8
230.055
226.17
226.16
227.025
227.355
227.495
229.04
229.03
230.72
232.33
232.625
230.96
228.2
227.335
228.835
229.25
227.215
228.14
228.205
230.89
230.57
231.365
229.51
227.355
224.4
224.2
224.12
226.65
224.77
226.59
228.71
230.71
230.155
228.87
227.435
223.925
226.305
224.825
227.36
224.995
226.05
224.71
228.4
228.505
228.925
225.995
223.995
223.425
225.16
224.37
225.115
223.8
223.14
227.87
230.065
229.905
228.27
224.275
224.03
222.215
223.31
223.12
224.175
223.215
224.205
226.75
226.82
224.1
223.405
221.48
221.26
223.35
222.58
220.965
222.1
222.63
225.375
226.535
225.735
222.665
221.205
221.155
222.505
222.2
221.345
221.055
222.59
226.41
227.475
227.275
225.05
222.92
223.79
224.975
225.265
224.585
222.685
224.05
226.735
227.575
227.86
224.835
225.805
221.84
223.815
224.41
222.805
221.815
222.625
224.285
226.57
227.43
227.66
221.995
222.365
221.175
223.065
222.23
221.665
222.405
224.215
226.38
226.295
226.245
222.88
221.4
222.82
224.665
223.525
221.395
221.385
222.46
226.285
225.29
226.475
222.115
221.405
220.785
220.715
222.36
221.755
221.265
221.975
226.5
227.08
225.71
227.14
221.25
221.63
222.875
223.76
223.955
222.8
222.735
225.235
227.59
228.345
225.165
224.76
223.325
224.395
224.215
223.325
223.12
222.74
226.15
227.56
228.72
226.03
222.765
222.805
222.06
223.24
222.105
221.92
222.455
223.2
226.74
225.8
225.39
225.2
224.04
221.37
222.18
223.985
222.92
224.405
224.925
227.87
229.115
228.3
225.47
224.31
223.18
222.61
225.73
222.7
224.04
225.695
227.455
228.515
227.47
227.395
223.9
223.94
223.07
225.56
224.88
224.39
225.375
228.355
227.8
231.515
227
227.245
224.89
226.255
224.905
226.1
224.4
225.765
226.51
230.05
231.095
229.605
230.06
224.915
226.675
227.635
227.36
226.76
225.33
225.495
228.345
229.435
228.07
228.805
226.29
225.485
228.885
226.5
226.235
224.375
227.85
228.535
230.735
229.35
230.245
225.045
224.65
225.42
225.855
225.63
224.345
224.255
225.585
230.295
228.585
226.92
225.695
224.975
225.095
225.885
224.625
224.925
225.745
226.65
229.23
227.285
228.925
225.85
224.805
225.475
228.47
227.14
226.265
225.885
227.795
229.185
229.785
228.01
228.78
226.315
227.465
228.61
229.615
227.13
226.91
229.71
231.63
232.645
231.94
230.73
229.385
228.28
229.83
230.905
227.82
227.595
227.68
230.515
231.37
230.255
226.28
225.825
225.3
225.99
226.425
224.825
223.715
225.285
226.24
227.235
226.95
227.575
223.35
222.195
225.36
225.745
226
224.195
224.305
224.915
228.925
230.475
227.755
228.175
226.115
226.09
228.995
228.44
228.055
226.595
229.525
229.99
230.275
230.905
229.36
226.81
228.25
229.33
230.07
228.89
227.08
227.725
230.41
232.62
229.605
230.28
226.185
226.665
228.495
229.325
231.695
230.06
228.065
234.075
232.565
232.16
228.82
226.825
226.495
228.13
226.805
229.02
226.58
227.445
231.345
231.875
233.105
232.725
231.895
229.585
230.035
230.91
228.78
228.94
230.065
229.955
234.635
232.375
233.34
231.575
230.36
231.37
231.315
232.995
230.37
230.16
232.57
235.905
236.665
234.305
234.825
233.655
232.8
232.365
233.76
233.54
231.26
230.91
233.775
236.565
237.2
234.75
232.05
232.46
232.125
233.14
232.725
231.71
230.595
235.355
236.145
238.35
235.695
234.745
232.205
234.02
234.895
236.145
233.64
233.095
236.18
239
238.695
238.055
234.9
231.745
224.85
232.705
231.105
229.35
228.915
231.78
234.345
233.795
230.145
229.715
227.875
229.76
230.165
231.375
229.205
229.405
231.245
230.77
232.41
232.67
229.03
228.41
228.85
231.91
230.085
229.055
228.17
227.925
231.19
230.24
229.335
227.89
226.275
228.17
230.245
229.215
229.855
226.63
226.71
229.75
229.195
230.47
229.48
227.04
227.865
229.975
229.25
229.655
227.08
228.885
231.405
232.47
232.35
231.08
229.57
229.57
229
232.175
230.435
227.31
228.055
229.32
230.97
231.235
230.175
228.32
229.32
229.73
229.815
231.26
228.43
229.475
229.51
231.085
231.34
231.04
228.805
227.1
228.835
230.39
231.04
230.115
227.725
229.095
230.465
231.91
231.415
230.535
229.74
228.415
228.075
230.125
230.495
226.545
228.57
229.92
229.365
230.955
229.375
227.705
228.255
229.08
231.955
230.285
228.29
227.835
231.155
231.31
230.685
230.51
227.91
229.3
230.31
229.535
231.86
228.44
226.9
229.105
231.45
231.515
231.705
229.635
228.105
229.635
230.695
230.03
226.5
226.295
226.42
230.4
229.125
229.21
226.175
225.925
227.29
229.415
229.345
227.97
225.52
226.99
228.355
230.51
229.585
228.93
227.545
228.76
230.21
229.69
227.54
227.73
228.145
229.345
229.12
229.105
227.965
226.53
225.74
228.835
228.755
229.87
225.5
226.09
226.46
230.51
229.355
227.905
227.235
227.485
227.66
228.32
229.16
227.975
225.195
227.865
230.74
230.045
230.255
227.775
227.345
228.6
230.37
231.575
227.86
227.915
226.405
229.24
229.1
229.935
227.805
226.64
226.205
229.175
229.48
229.04
225.48
227.95
228.845
228.905
229.29
226.315
225.745
224.165
228.06
229.115
226.14
225.84
225.275
226.85
228.055
228.64
227.525
227.035
225.92
228.035
228.42
228.825
225.635
225.92
226.315
230.6
227.595
229.65
226.295
225.455
226.475
227.93
228.315
227.77
226.285
226.345
227.03
228.49
228.65
226.34
225.18
226.015
227.86
229.735
228.04
226.98
226.8
227.535
230.675
230.645
228.77
225.64
227.175
228.205
231.845
229.57
226.035
227.785
227.415
230.865
230.395
227.54
227.995
227.645
227.705
231.175
231.14
229.115
225.845
229.495
231.275
228.465
229.33
227.725
227.21
230.795
232.66
232.595
228.405
228.45
229.265
229.335
230.015
229.685
227.41
227.05
230.775
232.245
231.225
228.35
229.61
229
231.1
230.25
231.175
228.395
229.01
230.65
231.275
232.14
232.06
230.105
228.13
229.045
232.56
230.16
230.16
229.19
229.615
233.795
232.265
232.69
229.225
228.17
230.85
232.29
232.12
231.41
229.35
228.205
234.185
235.445
232.305
232.435
231.22
231.075
232.815
234.565
233.48
232.98
233.825
234.51
235.25
237.405
234.575
231.315
233.085
232.845
235.545
234.395
233.17
231.725
232.775
235.235
236.875
232.195
231.02
232.31
233.005
234.18
233.335
233.09
231.195
232.475
233.17
235.255
233.51
232.86
229.94
232.51
234.43
232.11
234.12
230.075
231.995
234.44
236.49
236.89
235.215
230.78
231.795
233.665
234.45
234.6
231.665
231.635
232.615
233.765
235.125
233.41
232.415
232.035
233.74
235.745
232.96
232.315
232.39
233.41
235.855
233.755
235.855
231.765
232.85
234.28
234.4
234.025
233.05
231.765
234.075
234.115
235.745
234.67
232.795
232.1
235.08
237.735
235.75
235.37
233.025
230.875
234.26
236.845
236.4
233.19
233.175
232.405
235.375
235.44
235.72
232.545
233.775
233.395
236.375
235.1
234.715
232.58
233.53
234.875
236.895
235.185
232.355
233.735
234.495
236.83
238.55
235.24
233.955
228.29
226.82
233.88
230.95
229.415
231.535
232.455
233.575
231.945
230.075
226.785
227.45
230.99
231.86
230.68
227.85
227.23
231.575
232.67
232.36
228.34
228.725
226.735
227.805
230.895
230.355
227.205
226.645
227.975
229.735
230
228.95
225.075
227.075
228.605
228.84
227.97
226.42
226.42
226.74
229.855
228.89
227.9
226.69
226.39
227.69
227.715
229.235
228.775
225.66
224.58
227.25
228.11
226.75
225.89
227.54
226.805
226.55
229.49
227.175
226.38
226.25
228.58
230.19
227.395
227.67
225.79
226.42
227.665
228.76
228.835
227.575
226.585
228.095
229.525
227.715
227.815
228.245
227.685
228.91
228.29
228.95
226.565
226.595
225.405
227.345
229.49
228.3
226.36
226.655
227.345
229.535
229.175
228.965
224.76
226.275
229.51
230.535
229.1
226.52
226.475
227.675
228.96
231.375
229.83
226.42
226.55
228.16
230.32
230.42
230.23
225.99
228.115
229.245
228.84
228.635
225.235
227.25
227.975
229.7
229.475
230.32
225.59
227.63
229.42
230.395
229.165
229.015
224.94
228.815
230.23
230.79
230.825
229.185
228.95
229.015
232.015
230.02
227.64
226.455
227.735
230.53
229.31
229.615
225.545
226.96
228.96
229.28
230.06
229.265
225.395
227.98
229.62
229.52
231.25
228.875
227.475
228.78
230.705
231.265
232.205
228.42
230.865
231.855
232.065
231.53
229.595
229.06
228.825
230.465
233.725
230.835
229.305
230.62
231.465
233.12
232.695
232.065
228.74
229.37
230.835
231.26
231.7
228.095
227.31
231.6
232.285
231.78
230.99
227.03
229.145
229.97
229.39
229.46
230.695
228.62
229.92
230.075
232.305
232.245
230.035
228.71
228.26
230.15
230.03
230.86
227.245
227.665
232.175
232.065
229.72
229.005
227.69
229.305
230.9
230.955
228.22
229.18
228.59
229.345
230.635
231.655
231.675
229.745
228.665
228.7
232.075
231.115
229.495
230.335
228.65
233.015
232.485
232.785
228.265
226.57
226.645
230.765
231.32
228.23
227.95
229.075
228.715
229.34
230.53
229.655
229.33
228.91
230.39
230.35
230.9
227.755
229.025
232.335
232.085
230.435
229.995
229.665
228.765
231.02
230.95
229.22
226.385
226.525
229.24
229.955
231.52
228.69
228.425
227.66
229.01
230.755
230.47
227.73
228.035
229.01
230.39
230.76
230.19
227.345
227.555
228.365
230.735
230.14
227.42
229.05
228.17
230.43
229.875
230.215
229.76
229.225
229.155
230.29
229.995
229.22
228.105
228.035
229.315
228.605
231.98
230.83
228.47
229.275
231.325
229.745
231.055
229.775
228.245
230.165
234.76
232.38
232.145
228.37
227.895
230.285
232.25
231.755
228.3
228.76
229.525
233.26
231.705
230.135
228.6
228.265
229.74
230.485
230.535
228.175
228.12
228.57
230.33
230.16
231.82
229.105
228.87
230.025
232.235
231.41
231.89
231.795
229.43
233.905
235.5
234.605
233.515
232.67
230.615
231.935
232.45
233
231.165
229.47
232.79
234.235
236.91
231.795
231.51
232.42
233.7
233.945
233.87
231.85
231.665
235.33
237.04
237.44
236.78
233.15
235.655
235.935
237.92
239.135
234.245
234.91
236.875
237.59
239.92
238.68
234.65
235.59
237.43
235.895
236.85
234.185
233.565
232.56
237.12
237.13
238.08
235.405
234.435
236.405
238.99
239.875
238.175
238.455
239.995
240.625
243.28
242.575
239.3
239.14
236.875
238.965
239.025
240.97
237.815
238.625
239.6
241.66
239.97
239.19
236.165
237.695
238.595
240.81
240.135
239.135
239.7
238.97
245.09
245.62
243.45
243.45
240.725
242.015
243
244.385
242.315
239.365
237.375
236.9
241.14
238.815
236.94
238.345
241.46
240.64
237.68
238.04
238.605
238.9
241.905
242.31
238.52
237.48
238.655
238.96
240.865
239.305
237.93
237.695
238.86
241.075
237.3
237.5
234.96
234.565
238.61
238.935
237.74
235.17
236.395
235.885
239.04
238.13
236.945
235.2
234.96
236.98
240.31
238.055
235.455
236.295
236.44
237.505
238.355
237.805
235.115
236.88
237.835
238.31
237.81
234.975
235.64
236.73
237.59
239.5
238.445
238.135
234.335
236.565
236.665
238.03
237.205
233.315
234.655
236.63
239.26
238.42
236.715
235.605
235.47
236.32
236.855
235.305
234.535
234.625
234.615
237.135
238.935
234.835
234.285
233.16
236.375
237.39
237.91
234.985
234.97
234.775
238.445
239.595
236.58
232.025
234.19
236.725
236.03
236.79
235.015
233.86
233.33
235.885
236.995
237.33
233.515
233.66
235.545
236.155
236.87
235.5
233.34
232.83
236.86
236.07
236.1
233.63
231.48
232.845
232.795
232.82
234.375
232.055
231.305
232.265
235.355
234.475
231.87
228.335
229.74
232.645
233.495
233.045
231.46
231.65
231.92
233.335
234.445
232.325
230.14
230.82
231.735
231.62
233.05
230.83
230.25
230.59
233.87
234.53
234.525
233.62
231.435
233.285
232.085
233.435
231.985
232.745
231.46
234.97
233.825
234.715
232.375
233.015
231.65
234.95
234.32
232.87
232.515
231.135
234.09
236.31
237.17
234.99
232.79
233.09
234.22
238.075
237.2
233.17
233.8
236.545
237.51
238.86
236.26
235.11
233.47
234.68
235.405
236.415
234.49
235.67
233.775
236.665
237.455
235.34
236.245
234.05
234.67
236.4
236.935
234.475
234.735
235.3
235.675
238.8
237.08
234.13
235.18
233.325
235.925
235.61
236.57
234.965
234.605
236.245
237.895
236.65
235.22
232.93
234.29
236.375
234.57
236.55
234.555
235.09
237.1
237.125
238.17
236.035
236.32
235.45
236.855
237.745
237.85
237.55
236.46
238.715
239.015
240.44
239.915
236.21
236.33
237.41
239.63
238.795
239.73
236.375
236.93
240.28
240.39
239.815
238.03
237.265
237.885
238.46
238.695
237.7
238.93
237.27
238.585
240.45
241.22
238.44
237.3
236.625
237.1
238.63
236.05
234.475
236.17
238.54
240.755
239.565
238.2
236.34
236.66
238.025
238.405
236.405
235.175
234.55
237.57
237.035
236.97
238.965
236.86
235.285
235.625
236.845
235.54
233.53
233.83
236.545
239.405
238.93
238.1
236.005
236.08
236.65
240.13
237.2
236.585
235.59
235.57
238.84
238.12
237.655
235.885
236.74
234.525
236.275
236.835
238.135
235.665
235.215
237.935
239.92
240.485
237.23
235.905
235.46
238.15
238.725
237.48
235.79
235.32
236.03
235.29
237.37
238.17
234.875
235.47
236.5
236.775
235.835
236.36
234.425
236.06
236.67
237.25
238.085
234.915
232.865
235.665
235.925
237.825
234.85
232.575
235.65
236.86
238.865
236.315
235.33
234.785
236.075
236.225
237.17
234.205
233.925
234.58
237.235
238.36
236.29
236.555
234.63
235.415
236.015
235.825
235.69
234.445
233.86
236.87
238.095
237.44
234.68
232.19
232.895
234.81
234.86
234.13
232.48
233.365
234.965
236.34
238.195
236.97
234.84
233.08
235.235
236.255
234.41
236.27
237.155
239.965
239.9
241.88
241.745
239.66
238.66
237.915
240.42
238.97
237.68
236.62
238.515
241.735
241.74
241.2
239.995
237.37
236.3
240.28
240.11
239.215
238.11
238.685
239.025
242.14
240.5
240.67
236.74
236.2
237.575
239.99
239.39
235.39
237.795
241.89
243.075
243.16
239.27
237.69
237.67
236.67
228.45
234.365
232.315
233.17
238.92
237.345
234.215
236.205
233.16
232.92
235.365
233.865
233.935
230.85
234.035
237.255
237.165
237.38
234.48
233.445
231.93
234.38
235.48
231.88
231.43
233.35
235.885
236.615
237.02
237.015
233.67
232.935
233.91
234.29
232.3
232.685
231.88
234.095
236.375
236.68
235.19
233.545
232.81
230.715
234.48
234.89
233.1
231.74
234.42
235.035
235.775
234.65
232.58
232.805
230.655
232.685
235.87
232.53
232.955
232.005
235.9
235.02
236.75
233.155
232.915
232.66
234.04
235.525
234.3
231.82
231.58
236.46
235.485
236.975
235.97
233.255
232.15
233.355
235.355
233.635
232.905
233.3
233.38
236.16
237.62
235.085
231.36
232.455
231.455
235.06
234.885
232.34
232.76
233.34
235.29
236.445
235.26
233.97
233.24
233.07
232.12
231.615
232.065
232.92
231.5
235.2
234.99
236.11
235.365
233.5
232.49
232.695
234.62
232.775
232.46
233.325
234.045
237.12
235.985
235.945
234.34
232.72
235.405
235.11
234.69
232.065
233.435
233.95
238.685
237.36
236
234.235
233.41
230.605
234.365
232.72
231.105
232.1
233.005
235.275
236.015
236.16
233.575
230.58
231.295
230.6
231.27
231.235
231.925
231.395
233.05
234.545
233.14
233.255
231.61
229.85
232.54
231.835
233.12
230.285
230.645
232.21
233.055
233.54
232.57
229.325
229.04
227.97
230.435
230.17
228.78
226.835
231.76
232.795
233.355
232.76
230.975
229.135
227.26
230.82
229.365
229.64
229.025
231.595
233.005
232.54
232.475
230.985
227.92
227.645
228.565
230.155
228.775
231.045
229.46
231.28
233.61
233.01
232.775
228.325
227.375
228.645
230.65
229.83
226.935
227.365
230.275
231.085
232.44
229.525
228.275
225.765
224.63
226.86
227.14
224.875
226.94
229.54
231.355
231.455
230.275
228.56
226.35
227.26
226.52
225.165
224.535
224.77
228.555
230.755
231.165
229.46
226.51
225.49
227.065
225.425
229.055
224.685
225.17
228.435
229.1
232.22
230.455
228.405
225.655
224.5
226.51
227.035
224.805
226.2
227.66
230.28
231.25
231.835
229.545
228.3
227.71
226.93
227.425
224.835
227.895
229.58
230.2
231.67
231.165
232.02
230.39
228.875
226.53
227.795
229.115
228.44
228.55
231.035
233.95
234.125
234.96
231.87
228.735
228.005
229.98
229.665
229.5
229.985
233.985
234.865
236.185
233.9
231.55
229.18
229.76
230.025
231.265
230.375
230.73
231.38
233.67
234.73
233.79
232.87
230.4
230.485
230.28
230.74
231.22
230.525
232.525
236.64
236.07
237.85
232.675
233.05
230.76
232.495
231.61
233.845
232.5
232.11
236.93
237.79
235.63
237.7
235.915
234.09
234.83
235.175
235.935
233.04
233.425
235.455
237.43
236.645
237.18
235.27
232.62
233.36
234.455
232.455
233.13
234.315
234.33
235.675
238.38
238.97
237.935
235.335
234.565
235.68
235.015
233.905
234.48
234.165
236.865
238.405
240.25
237.955
236.1
235.875
234.86
237.27
232.32
234.165
234.71
237.715
238.66
240.005
236.855
235.465
235.32
235.635
236.74
238.555
232.85
235.705
237.125
237.27
238.485
238.78
236.315
233.065
234.3
235.725
234.925
234.425
233.92
232.415
235.425
238.13
237.865
235.955
233.54
233.175
234.71
236.715
233.55
232.015
232.57
234.075
237.135
236.55
235.26
232.21
231.91
233.63
233.89
231.92
231.815
232.015
234.985
236.865
237.165
235.195
232.755
230.995
231.93
233.685
233.84
229.435
231.58
233.795
235.935
234.945
234.475
231.82
230.145
229.535
230.975
230.375
231.9
228.425
229.425
0
