15.04
13.8
14.07
14.34
14.24
14.49
14.37
14.39
14.17
14.2
14.21
14.57
14.33
14.22
14.18
14.06
14.45
14.48
14.2
14.17
14.22
14.31
14.25
14.26
14.08
14.25
14
14.18
14.1
14.11
13.96
14.26
14.13
14.06
14.22
14.09
14.18
14.29
14.06
14.3
14.1
14.2
13.93
14.11
14.27
14.23
14.1
14.4
14.34
14.44
14.21
14.74
14.43
14.36
14.23
14.27
14.45
14.71
14.58
14.64
14.75
14.77
14.63
14.64
14.65
14.41
14.09
14.38
14.25
14.23
14.45
14.28
14.33
14.67
14.56
14.59
14.36
14.45
14.28
14.43
14.43
14.17
14.07
14.53
14.29
14.16
14.26
14.23
14.19
14.43
14.27
14.21
14.41
14.55
14.3
14.54
14.31
14.25
14.12
14.28
14.15
14.16
14.18
14.23
14.03
14.07
14.09
14.38
14.59
14.16
14.26
14.43
14.16
14.42
14.23
14.16
14.23
14.13
14.41
14.25
14.12
14.39
14.56
14.34
14.22
14.22
14.15
14.26
14.53
14.5
14.72
14.64
14.2
14.38
14.44
14.47
14.6
14.51
14.27
14.35
14.43
14.59
14.44
14.48
14.53
14.2
14.41
14.55
14.75
14.38
14.4
14.68
14.56
14.63
14.61
14.44
14.39
14.11
14.58
14.32
14.52
14.58
14.85
14.97
14.64
14.59
14.58
14.86
14.95
14.74
14.65
14.51
14.62
14.71
14.67
14.64
14.91
14.89
14.77
14.92
14.71
14.65
14.61
14.79
14.46
14.74
14.55
14.41
14.68
14.49
14.43
14.39
14.38
14.33
14.12
14.3
14.4
14.32
14.35
14.2
14.21
14.26
14.49
14.19
14.22
14.23
14.21
14.23
14.06
14.01
13.91
13.6
13.9
13.68
14.16
14.22
13.79
13.97
13.93
14.01
14.05
14.02
13.78
14.03
14.16
14.23
13.88
14.11
14.06
13.84
13.97
14.19
14.14
13.7
14.05
13.83
13.93
14.09
13.86
14.4
14.22
14.29
14.32
14.12
14.18
14.05
13.97
14.1
14.21
13.95
13.84
14.06
14.01
14.08
13.78
13.84
13.5
13.68
13.79
13.66
13.53
13.57
13.84
13.99
13.66
13.57
13.7
13.65
13.35
13.51
13.2
13.66
13.42
13.48
13.41
13.42
13.65
13.37
13.62
13.54
13.12
13.6
13.37
13.45
13.25
13.54
13.15
13.67
13.57
13.19
13.48
13.28
13.29
13.19
13.21
13.19
13.53
13.48
13.61
13.61
13.56
13.75
13.52
13.57
13.57
13.53
13.49
13.7
13.54
13.36
13.58
13.38
13.52
13.47
13.44
13.3
13.17
13.56
13.36
13.71
13.79
13.73
13.79
13.39
13.59
13.48
13.73
13.6
13.49
13.6
13.75
13.58
13.57
13.47
13.67
13.6
13.85
13.69
13.59
13.64
14.06
13.65
13.65
13.96
13.85
13.95
13.81
13.77
13.97
13.95
14.05
13.86
14.07
14.1
14.16
14.07
13.78
13.67
13.8
13.98
13.73
13.97
13.97
14.04
13.79
13.89
14.05
14.05
14.02
13.86
14.18
14.56
13.96
13.95
13.78
14.03
13.81
14.07
13.91
14.02
13.8
13.85
13.89
13.83
13.59
13.75
13.89
13.92
13.95
14.15
14.15
13.83
13.83
13.9
14.03
13.95
14.24
14.04
14.07
14.23
14.37
14.21
14.21
14.29
14.06
14.14
14.2
14.16
14.22
14.45
14.39
14.79
14.59
14.71
14.53
14.45
14.61
14.72
14.83
15.19
15
15.72
15.59
15.54
15.62
15.55
15.43
15.46
15.76
15.4
15.56
16.77
16.42
16.56
16.7
16.47
16.17
16.34
16.55
16.26
16.08
15.95
16.27
16.26
16.15
16.09
16.33
16
16.06
16.09
16.41
16.13
16.13
16.21
16.14
16.16
16.12
15.91
15.65
15.81
15.72
15.67
15.58
15.67
15.56
15.87
15.87
15.56
15.46
15.54
15.41
15.53
15.25
15.38
15.55
15.65
15.63
15.62
15.58
15.57
15.61
15.35
15.45
15.4
15.38
15.23
15.47
15.39
15.47
15.45
15.25
15.23
15.22
15.33
15.38
15.32
15.14
15.15
15.62
15.52
15.23
15.33
14.96
15.29
15.03
15.03
14.94
15.39
14.96
14.99
14.91
14.99
15.04
14.89
15.06
15.24
14.84
15.09
15.15
15.08
14.96
15.22
14.94
15.18
15.01
14.95
14.88
15.3
14.85
14.91
15.09
14.9
14.9
14.86
15.23
15
14.88
15.16
15.16
14.72
15.13
14.9
14.96
15
14.88
15.04
14.96
15.07
14.75
14.91
15.05
15.09
14.96
15.22
14.99
15.2
15.24
15.16
15.19
15.06
15.07
14.8
15
15.21
15.04
15.22
15.35
15.43
15.25
15.26
15.46
15.32
15.5
15.55
15.39
15.46
15.48
15.54
15.64
15.71
15.38
15.41
15.29
15.46
15.26
15.6
15.34
15.26
15.56
15.67
15.38
15.5
15.63
15.43
15.73
15.75
15.85
15.66
15.79
15.6
15.76
15.8
15.76
15.71
15.69
15.85
15.76
15.68
15.88
15.91
15.75
16.51
16.08
16.35
15.89
16.1
16.26
16
16.09
16.09
15.91
15.9
16.18
16.29
16.09
16.47
16.06
16.55
16.12
16.55
16.34
16.45
16.66
16.58
16.7
16.61
16.78
16.64
16.4
16.9
16.76
16.68
16.95
16.96
16.95
17.34
17.34
17.08
16.98
16.97
16.97
16.8
16.72
16.85
17.03
17.05
16.84
16.87
16.61
16.83
16.72
17.07
16.78
16.87
17.09
17.1
16.95
17.13
17.31
17.47
17.03
17.16
16.7
17.01
17.26
17.05
16.97
16.69
17.23
16.78
17.19
16.88
16.8
16.72
16.86
16.83
16.67
16.93
16.66
16.91
16.96
17.01
17
16.68
16.96
16.57
16.5
16.76
16.86
16.7
16.69
16.87
16.66
16.81
16.59
16.66
16.52
17.01
16.77
16.63
16.87
16.53
16.92
16.65
16.71
16.57
16.75
16.47
16.72
16.83
16.8
16.81
16.77
16.99
17.07
17.01
17.11
16.86
16.6
16.95
16.91
16.54
16.74
16.34
16.41
16.62
16.83
16.2
16.41
16.24
16.49
16.18
16.21
15.9
16.29
16.07
16.08
16.08
16.07
15.97
15.78
15.72
15.83
15.73
15.71
15.82
15.93
15.87
16.15
16.08
15.89
15.94
16.04
16.09
16.07
15.84
16.02
15.81
16.18
15.84
15.84
16.15
15.63
16.01
15.83
15.96
15.6
15.9
16.01
15.86
15.79
15.88
15.98
15.61
15.71
15.62
15.57
15.91
15.3
15.54
15.7
15.49
15.42
15.48
15.4
15.4
15.21
15.45
15.37
15.46
15.16
15.24
15.41
15.18
15.29
15.15
15.16
15.25
15.15
15.3
14.91
15.24
15.26
15.15
15.28
15.01
15.27
15.05
15.14
15.2
15.11
15.03
15.02
15.08
14.94
15.15
15.11
15.1
14.78
15.03
15.01
15.09
15.27
15.17
15.27
15.28
15.21
15.55
15.44
15.42
15.48
15.42
15.58
15.45
15.66
15.59
15.81
15.74
15.96
15.73
16.14
16.22
16.08
16.34
16.49
16.51
16.52
16.67
16.61
16.95
16.7
16.89
16.55
17.85
15.6
15.61
15.63
16.11
15.98
15.56
15.7
15.71
15.68
15.82
15.57
15.72
15.67
15.64
15.59
15.95
15.97
15.98
15.92
15.67
15.91
15.57
15.85
15.79
15.86
16.14
15.83
15.74
15.52
15.65
15.5
15.68
15.55
15.51
15.56
15.52
15.44
15.59
15.4
15.56
15.5
15.33
15.34
15.4
15.42
15.47
15.53
15.43
15.61
15.46
15.48
15.81
15.36
15.28
15.54
15.47
15.36
15.33
15.18
15.42
15.6
15.44
15.69
15.39
15.44
15.57
15.79
15.57
15.76
15.5
15.68
15.84
15.91
15.9
15.81
15.91
15.9
15.95
15.75
16.09
15.74
15.92
15.95
16.14
16.26
15.94
15.95
16.01
15.66
15.9
15.71
15.83
15.61
15.6
15.54
15.85
15.54
15.41
15.57
15.63
15.46
15.6
15.46
15.57
15.53
15.95
15.69
15.62
15.79
15.43
15.51
15.52
15.16
15.29
15.01
14.96
15.5
15.1
15.12
15.18
14.85
15.19
15.07
15.07
15.13
15.25
15.22
15.17
15.28
15.22
15.22
15.35
14.81
15.02
15.17
15.04
15.19
15.12
14.99
15.15
15.26
14.95
15.11
15
15.09
15.05
14.98
15.02
14.7
15.06
15
14.97
14.86
14.8
14.86
14.79
14.91
14.66
14.86
14.8
14.63
14.52
14.9
14.71
15.07
14.69
14.58
14.76
15.2
14.62
14.98
14.75
14.89
14.85
15.03
15.05
14.88
14.84
14.87
14.89
14.65
14.63
14.61
14.82
14.6
14.7
14.6
14.48
14.49
14.91
14.9
15.01
14.84
14.75
14.96
15.2
15.15
15.02
14.94
14.93
15.05
15.1
14.71
14.71
14.63
14.43
14.53
14.6
14.51
14.56
14.53
14.49
14.4
14.48
14.22
14.18
14.11
14.15
14.31
14.04
14.12
14.18
14.23
14.16
14.15
14.44
14.03
14.25
14.35
14.38
14.64
14.45
14.23
14.21
14.35
14.45
14.39
14.3
14.34
14.24
14.35
14.45
14.54
14.69
14.35
14.5
14.54
14.71
14.54
14.29
14.55
14.55
14.52
14.71
14.67
14.52
14.44
14.69
14.74
14.74
14.66
14.75
14.95
14.91
15.15
14.7
14.68
14.81
14.49
14.82
14.78
14.85
14.73
14.91
14.98
14.88
14.79
14.78
14.7
14.72
14.97
15.05
14.69
14.74
14.7
15.23
14.61
15.26
15.08
14.6
14.92
15.24
15.2
14.68
14.98
15.29
15.24
15.2
15.03
15.35
15.17
15.28
15.56
15.44
15.17
15.2
15.6
15.66
15.95
15.84
15.88
15.83
15.69
16.06
15.86
15.82
15.85
15.91
15.8
16.26
15.99
15.94
15.91
15.84
16.03
16.25
16.18
16.1
16.48
16.53
16.56
16.81
16.82
16.65
16.65
16.61
16.77
16.62
16.87
16.86
16.79
16.97
16.44
16.85
16.63
16.81
16.31
16.88
16.6
16.46
16.49
16.19
16.47
16.31
16.31
16.42
16.11
16.37
16.43
16.44
16.28
16.3
16.31
16.04
16.39
16.21
16.22
16.4
16.21
16.56
16.18
16.21
16.29
15.97
16.14
16.17
16.15
16.27
15.88
15.75
15.88
15.8
15.79
15.68
15.75
15.88
15.75
15.93
15.82
15.77
15.69
15.82
15.67
15.92
15.75
15.6
15.63
15.86
15.71
15.71
15.93
15.64
15.83
15.84
15.95
15.57
15.64
15.77
15.69
15.87
15.87
15.81
15.92
15.91
15.94
15.87
16.12
15.85
16.14
16.44
16.17
16.94
16.54
16.61
16.47
16.6
16.51
16.43
16.63
16.33
16.43
17.28
15.59
15.72
15.96
15.88
15.53
15.28
15.13
14.94
14.86
15.22
15.24
15.38
14.99
14.85
15.06
14.92
15.01
15.02
14.95
14.94
14.7
14.93
14.65
14.7
14.41
14.6
14.51
14.29
14.4
14.1
14.19
14.15
14.28
14.25
14.19
14.04
13.98
13.87
13.75
13.91
13.53
13.75
13.88
13.81
13.89
13.8
13.89
13.84
14.18
14
13.93
14.01
13.89
14
14.04
14.01
13.98
14.09
13.94
13.99
14.32
14.25
14.25
14.44
14.34
14.29
14.31
14.45
14.41
14.28
14.17
14.19
14.26
14.2
14.29
14.51
14.35
14.33
14.34
14.15
14.09
14.27
14.38
13.95
14.15
14.37
14.06
14.33
14.3
14.42
14.23
14.23
14.48
14.15
14.1
14.35
14.41
14.08
14.35
14.29
13.91
14.2
14.06
14.16
14.03
14.27
14.35
13.7
14.27
13.98
14.16
14.17
14.07
14.01
14.05
13.98
13.98
13.87
14.06
14.13
14.12
14.23
14.33
14.47
14.37
14.08
14.31
14.38
14.57
14.33
14.35
14.24
14.23
14.48
14.32
14.26
14.33
14.32
14.05
14.11
14.25
14.13
14.05
14.35
14.29
14.38
14.49
14.39
14.33
14.39
14.39
14.71
14.5
14.41
14.11
14.66
14.67
14.53
14.45
14.36
14.55
14.62
14.79
14.81
14.89
14.83
15.02
14.86
14.94
14.78
14.96
14.54
14.76
14.62
14.4
14.64
14.57
14.52
14.59
14.45
14.41
14.5
14.78
14.48
14.69
14.57
14.65
14.34
14.68
14.72
14.79
14.7
14.64
14.4
14.37
14.52
14.66
14.49
14.26
14.53
14.34
14.64
14.2
14.24
14.19
14.39
14.28
14.35
14.18
14.49
14.05
14.33
14.33
14.26
14.17
14.23
14.03
14.04
14.18
13.9
13.86
13.83
13.8
14.24
14.05
13.89
14.04
13.94
14.1
13.97
13.97
14.02
13.63
14
14.26
13.81
14.12
13.83
13.74
14.02
13.99
13.69
13.83
13.86
13.83
14.01
14.14
13.78
13.62
13.7
13.78
13.75
13.77
13.86
13.62
13.6
13.76
13.88
13.7
13.73
13.48
13.66
13.77
13.6
13.52
13.67
13.73
13.52
13.74
13.36
13.31
13.35
13.43
13.55
13.67
13.34
13.41
13.4
13.52
13.5
13.62
13.45
13.59
13.25
13.15
13.07
13.32
13.27
13.51
13.32
13.59
13.35
13.11
13.04
13.41
13.48
13.24
13.84
13.41
13.57
13.49
13.6
13.75
13.53
13.48
13.42
13.64
13.99
13.88
13.62
13.62
13.77
13.77
13.81
13.56
13.57
13.49
13.52
13.74
13.54
13.54
13.45
13.31
13.21
13.42
13.3
13.62
13.31
13.45
13.62
13.44
13.64
13.76
13.52
13.27
13.29
13.52
13.32
13.29
13.04
13.23
13.44
13.38
13.17
13.12
13.35
13.21
13.25
13.37
13.3
13.08
13.07
13.35
13.15
13.11
13.29
13.38
13.5
13.56
13.41
13.58
13.41
13.64
13.82
13.61
13.64
13.51
13.52
13.68
13.9
13.66
13.64
13.54
13.59
13.63
13.83
13.69
13.64
13.74
13.6
13.73
13.77
13.84
13.79
13.87
13.88
14.02
13.9
13.75
13.84
14
14.13
13.83
14.11
13.99
14.07
14.04
14.12
14.14
14.18
13.88
14.08
14.09
14.44
14.32
14.07
14.07
14.41
14.16
14.62
14.44
14.43
14.37
14.45
14.55
14.45
14.66
14.22
14.67
14.8
14.81
15.02
14.94
15.05
14.97
15.09
15.23
14.77
14.96
14.74
14.81
16.03
15.3
15.29
15.72
15.89
16.06
15.28
15.46
15.34
15.33
15.13
15.19
15.24
15.03
14.98
15.07
15.15
15.01
14.98
15.1
14.72
14.84
14.99
14.76
14.78
14.48
15.26
14.66
14.97
14.76
14.87
14.6
14.66
14.91
14.98
14.81
14.87
15.04
15.16
15.04
15.03
14.74
14.91
14.88
14.96
14.94
15
14.81
14.7
14.77
14.97
15.08
14.84
14.64
15.06
15.3
15.24
14.98
14.99
14.92
15.14
15.25
14.9
15.11
14.96
15.05
14.98
15.18
14.75
14.97
14.92
14.95
14.99
14.9
15.12
14.42
14.59
14.66
14.84
14.42
14.35
14.34
14.62
14.29
14.65
14.36
14.39
14.07
14.37
14.16
14.26
14.18
14.58
14.03
13.7
14.03
13.91
13.79
13.86
13.81
13.8
13.88
13.68
13.66
13.79
13.7
14.12
13.84
13.72
13.85
14.03
13.9
13.8
13.89
13.8
13.91
14.07
13.93
13.92
13.84
13.83
13.86
13.68
13.74
13.56
13.75
13.69
13.78
13.84
13.87
13.71
13.69
13.66
13.69
13.66
13.8
13.85
14.01
13.77
14.04
13.75
14.02
13.66
13.77
14.04
13.99
14.13
14.15
13.98
13.99
14.13
14.12
14.21
14.09
14.15
14.11
14.01
14.81
14.38
14.34
14.75
14.63
14.92
14.87
14.85
14.68
14.5
14.38
14.56
14.35
14.52
14.49
14.32
14.29
14.77
14.36
14.42
14.68
14.48
14.63
14.87
15.1
15.11
15.28
15.24
15.01
14.63
14.7
14.44
14.15
14.05
13.74
13.83
13.77
13.82
13.76
14.1
13.8
13.72
13.67
13.74
13.83
13.83
13.72
13.56
13.84
13.79
13.89
14
13.95
13.97
13.82
14.04
14.17
14.03
13.81
14.08
13.98
14.16
14.25
14.2
14.19
13.96
14.22
14.58
14.29
14.29
14.23
14.33
14.77
14.45
14.5
14.39
14.54
14.72
14.59
14.61
14.46
14.8
14.75
14.99
14.59
14.72
14.8
14.89
14.99
14.94
14.83
14.75
14.63
14.89
14.71
14.69
14.8
14.81
14.76
15.04
14.78
15.05
14.57
14.54
14.66
14.79
14.97
14.96
14.7
14.67
14.44
15.03
14.79
15.06
14.98
14.84
15.11
15.27
15.25
15.03
15.07
15.15
15.28
14.78
15.15
15.02
14.96
15.03
15.27
15.16
15.1
14.98
15.02
15.08
15.18
15.05
14.96
14.83
15.05
14.86
14.99
15.15
14.8
14.86
14.66
14.82
14.7
15.07
14.77
14.73
14.81
14.72
14.81
14.73
14.92
14.99
14.9
15.14
15.15
15.04
15.06
14.89
15.24
14.92
15.03
14.92
14.93
15
14.92
14.88
14.89
14.64
15.01
15.1
15.1
15.13
15.05
14.96
14.93
15.23
14.7
14.7
14.88
14.82
14.58
14.99
15.13
14.76
14.5
14.75
14.64
15.11
14.94
14.8
14.79
14.55
14.79
14.73
14.8
14.6
14.63
14.5
14.55
14.39
14.6
14.51
14.58
14.64
14.46
14.55
14.34
14.33
14.4
14.33
14.26
13.77
14.2
14.16
14.43
14.32
14.28
14.27
14.06
14.36
14.43
14.32
14.36
14.36
14.14
14.35
14.66
14.5
14.37
13.87
14.23
14.16
14.13
13.98
13.96
14.13
13.83
13.8
13.94
13.68
13.97
13.94
14.07
14.04
13.75
13.98
13.98
14.11
14.39
14.12
14.23
14.22
14.2
14.38
14.84
14.36
14.45
14.21
14.28
14.69
14.53
14.66
14.46
14.32
14.17
14.46
14.66
14.54
14.69
14.39
14.54
15.49
13.3
13.54
13.59
13.57
13.44
13.18
13.2
13.17
13.05
13.38
13.44
13.11
12.98
12.93
13.16
13.3
13.43
13.54
13.44
13.61
13.51
13.46
13.53
13.54
13.35
13.52
13.26
13.04
13.18
13
13.1
13.22
13.49
13.43
13.13
13.36
13.54
13.5
13.5
13.61
13.51
13.47
13.63
13.51
13.6
13.55
13.34
13.76
13.67
13.63
13.38
13.58
13.3
13.42
13.56
13.45
13.53
13.61
13.47
13.36
13.41
13.49
13.41
13.64
13.73
13.51
13.56
13.92
13.84
13.81
13.94
13.99
14.09
14.13
14.29
14.16
14.44
14.34
14.36
14.36
14.34
14.31
14.34
14.68
14.56
14.58
15.06
14.7
14.55
14.98
14.8
14.22
14.62
14.69
14.69
14.83
14.82
14.66
14.95
14.86
14.85
14.61
14.73
14.55
14.45
14.65
14.38
14.47
14.29
14.41
14.64
14.74
14.68
14.56
14.53
14.68
14.35
14.65
14.32
14.17
14.43
14.53
14.74
14.75
14.81
14.89
14.66
14.84
14.88
14.87
14.78
14.73
14.75
14.85
14.73
14.88
14.57
14.73
14.75
14.67
14.83
14.66
15.01
14.89
14.8
15.17
15.15
14.99
14.86
15.09
14.57
15.01
14.62
15.07
15.12
14.89
15
14.61
14.73
14.43
14.6
14.49
14.52
14.27
14.24
14.16
14.3
14.21
14.34
14.31
14.26
14.17
14.41
14.19
14.08
14.12
14.36
14.4
13.85
13.96
13.81
13.52
13.66
13.85
13.71
13.87
13.72
13.85
13.93
14.16
13.94
13.58
13.45
13.78
13.31
13.51
13.4
13.36
13.58
13.52
13.59
13.35
13.53
13.34
13.49
13.38
13.24
13.31
13.32
13.35
13.17
13.2
13.2
13.2
13.21
13.12
13.16
13.09
13.13
12.88
13.08
13
13.22
13.22
13.1
13.23
13.03
13.4
12.84
12.99
12.92
12.92
12.94
12.99
13.06
13.01
13.09
13.08
12.6
12.8
12.85
12.77
12.93
12.86
13.05
13.05
13.04
12.97
13.19
12.97
13.11
12.97
13.01
12.98
12.73
13.4
13.38
13.49
13.55
13.29
13.62
13.62
13.55
13.55
13.21
13.3
13.36
13.56
13.17
13.53
13.1
13.15
13.08
13.18
13.04
13.19
13.16
13.01
13.49
13.25
12.95
13.2
13.3
13.46
13.49
13.32
13.14
13.27
13.14
12.91
13.6
13.09
13.19
13.11
13.3
13.33
13.31
13.13
13.26
13.33
13.34
13.5
13.52
13.54
13.37
13.49
13.4
13.57
13.69
13.26
13.74
13.5
13.59
13.4
13.56
13.41
13.57
13.69
13.76
13.87
13.9
13.78
13.69
14.02
14.01
14.02
13.99
14.03
13.96
14.32
14.34
14.29
13.94
14.06
14.14
14.06
14.36
13.88
13.93
14.08
14.14
14.25
14.26
14.43
13.81
14.27
14.56
14.25
14.13
14.48
14.35
14.68
14.45
14.44
14.76
14.8
14.49
14.82
14.87
14.9
14.69
14.84
14.42
14.8
14.86
15.01
15
15.01
15.12
14.84
14.63
14.88
14.87
14.93
15.05
14.87
14.84
14.66
14.64
14.95
14.72
14.62
14.4
14.5
14.44
14.39
14.33
14.54
14.41
14.37
14.67
14.72
14.49
14.52
14.81
14.69
14.82
14.56
14.39
14.31
14.35
14.52
14.42
14.59
14.39
14.42
14.32
14.49
14.03
14.25
14.1
14.16
14.3
14.26
14.33
14.04
14.23
14.06
14.37
14.47
14.42
14.38
14.23
14.05
14.34
14.15
14.12
13.83
14.37
14.23
14.26
15.41
17
15.17
15.69
16.3
16.23
15.94
16.06
15.96
15.8
15.9
15.8
15.76
15.64
15.8
15.58
15.65
15.75
15.6
15.51
15.52
15.3
15.28
15.25
15.49
15.64
15.78
15.73
15.36
15.45
15.37
15.25
15.45
15.44
15.42
15.63
15.4
15.27
15.6
15.12
15.18
15
15.17
15.2
15.38
15.38
15.22
14.99
15.17
15.24
15.13
15.31
15.29
15.28
15.38
15.24
15.19
15.1
15.26
15.36
15.47
15.56
15.51
15.64
15.68
15.9
15.58
15.72
15.55
15.74
15.65
15.43
15.24
15.31
15.2
15
15.36
15.16
15.25
15.15
15.21
15.37
15.28
15.02
15.36
15.16
15.04
15.19
15.48
15.1
15.18
15.22
15.13
15.23
15.26
15.02
14.97
14.93
15.03
15.04
15.08
15.03
15.41
15.31
15.51
15.24
15.12
15.02
15.28
15.2
14.99
15.03
15.4
15.33
15.25
15.31
15.54
15.34
15.38
15.55
15.63
15.72
15.77
15.74
15.6
15.44
15.64
15.62
15.66
15.7
15.64
15.7
16.18
15.85
15.76
15.79
15.75
15.74
15.9
15.95
15.75
15.87
16.06
16.04
16.08
16.2
15.86
15.9
16.01
15.94
15.87
15.91
15.96
15.71
15.9
15.93
15.88
15.95
15.66
15.94
15.99
15.92
15.87
15.79
15.74
15.79
15.77
15.78
15.52
15.51
15.56
15.71
15.73
15.68
15.56
15.68
15.51
15.77
15.98
15.68
15.75
15.64
15.69
15.79
15.6
15.91
15.64
15.99
15.83
15.95
15.84
15.76
15.8
15.71
15.8
15.85
16.02
16.08
16.06
16.23
16.05
16.18
15.83
15.85
15.86
15.96
15.82
15.84
16.04
15.84
16.11
16.06
16.19
16.13
16
15.92
16.1
16.17
15.95
15.74
15.37
15.52
15.5
15.88
16.05
15.56
15.9
15.65
15.93
15.74
15.61
15.63
15.51
15.49
15.49
15.4
15.3
15.08
15.07
14.99
15.49
15.34
15.13
15.06
14.99
14.89
14.85
14.93
14.78
14.93
14.99
14.77
14.86
15.33
15.24
15.33
15.25
14.88
15.09
14.77
14.85
14.83
14.56
14.8
14.73
14.62
14.53
14.46
14.69
14.33
14.67
14.36
14.76
14.66
14.71
14.57
14.88
14.75
14.47
14.88
14.78
14.55
14.73
14.66
14.84
14.9
15.05
14.78
14.82
15.15
14.62
14.99
14.92
14.95
14.73
14.74
14.74
14.72
14.79
14.53
14.76
14.8
14.81
14.79
14.54
14.64
14.35
14.54
14.72
14.46
14.4
14.73
14.53
14.84
14.84
14.66
14.86
14.6
14.82
14.67
15.22
14.83
14.85
15.22
15.14
15.04
14.6
14.58
14.48
14.75
14.64
14.67
14.55
14.67
14.48
14.88
14.74
14.69
14.55
14.72
14.84
14.83
14.62
14.46
14.49
14.44
14.5
14.35
14.32
14.59
14.6
14.82
14.69
14.88
14.73
14.77
15.01
15.11
14.93
14.92
15
14.8
14.88
14.85
14.92
14.72
14.58
14.37
14.48
14.61
14.57
14.53
14.85
14.7
14.66
14.87
14.8
14.74
14.92
14.77
14.98
14.95
14.87
14.89
14.75
14.75
15.2
15.13
15.25
15.04
15.29
15.26
15.32
15.2
15.56
15.46
15.7
15.8
15.71
15.89
15.93
16.13
16.28
16.33
16.25
15.97
16.12
16.1
16
16.26
16.23
16.12
16.32
16.32
16.54
16.42
16.5
16.52
16.4
16.58
16.9
16.62
16.97
16.88
17.2
17.18
17.28
16.99
17.21
17.46
17.5
17.57
18.66
16.3
16.63
16.68
16.78
16.28
16.12
16.47
16.3
16.74
16.41
15.97
16.32
15.74
16.08
15.88
15.83
15.62
15.27
15.59
15.28
15.5
15.36
15.33
15.18
15.28
15.39
15.01
15.09
15.09
14.99
15.33
15.44
15.54
15.4
15.36
15.15
15.22
15.17
15.53
15.56
15.38
15.58
15.68
15.76
15.47
15.72
15.77
15.71
15.84
15.4
15.45
15.55
15.32
15.43
15.42
15.08
15.01
15.1
14.86
14.95
15.15
15.03
14.98
15.07
15.03
15.18
15.01
15.02
14.98
14.79
14.75
14.89
14.43
14.73
14.64
14.8
14.84
14.72
14.64
14.54
14.67
14.67
14.56
14.96
14.9
14.7
14.74
14.65
14.42
14.78
14.35
14.26
14.28
14.41
14.11
14.13
14.01
13.89
14.03
13.85
13.84
13.66
13.88
13.99
14.06
14.13
14.15
13.8
13.96
13.74
14.01
13.83
13.79
13.72
13.85
13.95
13.57
13.72
13.7
13.98
13.71
13.66
13.73
13.68
13.8
13.66
13.82
14.03
13.75
13.66
13.75
13.61
13.72
13.85
13.58
13.61
13.45
13.62
13.84
13.34
13.58
13.48
13.42
13.36
13.66
13.55
13.48
13.66
13.32
13.54
13.7
13.22
13.37
13.43
13.48
13.43
13.65
13.52
13.5
13.52
13.58
13.58
13.58
13.41
13.44
13.44
13.67
13.66
13.48
13.68
13.76
13.39
13.51
13.3
13.46
13.76
13.81
13.55
13.36
13.83
13.45
13.56
13.67
13.75
13.55
13.54
13.39
13.55
13.51
13.55
13.48
13.64
13.54
13.86
13.57
14.18
13.68
13.7
13.89
13.88
13.81
13.78
13.7
13.57
14.01
14.04
13.86
14.45
13.93
14.17
14.37
14.42
14.15
14.28
14.41
14.27
14.22
14.29
14.46
14.01
14.48
14.33
14.56
14.52
14.22
14.14
14.28
14.44
14.23
14.49
14.28
14.19
14.62
14.57
14.53
14.34
14.6
14.59
14.31
14.49
14.27
14.34
14.53
14.36
14.57
14.05
14.42
14.16
14.45
14.36
14.44
14.51
14.61
14.41
14.43
14.85
14.79
14.74
14.66
14.43
14.36
14.42
14.64
14.49
14.26
14.22
14.56
14.37
14.4
14.45
14.47
14.86
14.71
14.99
14.98
15.09
14.92
14.82
15.15
14.8
14.88
14.75
14.79
14.85
14.86
14.76
14.79
14.98
15.04
15.14
15.15
15.23
14.98
15.07
15.26
15.23
14.99
15.19
15.08
15.16
15.28
15.2
15.39
15.19
15.52
15.04
15.42
15.27
15.3
15
15.24
15.37
15.12
14.93
14.98
14.9
14.7
14.66
14.54
14.47
14.68
14.32
14.55
14.57
14.65
14.38
14.44
14.43
14.36
14.5
14.26
14.57
14.27
14.44
14.46
14.36
14.54
14.46
14.29
14.76
14.46
14.16
14.08
14.22
14.04
14.47
14.14
13.97
13.91
13.96
14.14
13.74
13.69
13.64
13.93
14.13
13.86
13.71
13.75
13.7
13.66
13.63
13.6
13.64
13.36
13.61
13.8
13.51
13.53
13.58
13.47
13.54
13.41
13.48
13.51
13.76
13.35
13.65
13.69
13.89
13.55
13.85
13.68
13.88
13.99
13.84
13.81
13.78
13.71
13.82
13.6
13.66
13.43
13.64
13.34
13.69
13.66
13.54
13.43
13.47
13.7
13.46
13.45
13.52
13.52
13.59
13.53
13.75
13.84
13.56
13.81
13.71
14
13.91
13.84
13.89
13.74
13.66
13.99
13.93
13.93
14.04
14.14
14.05
14.11
14.16
14.01
13.96
14.15
14.17
14.1
15.46
15.17
15.75
15.57
15.6
15.49
15.16
15.12
15.22
15.26
15.24
14.98
15.16
15.25
15.09
15.12
15.23
15.3
15
15.15
15.28
15.4
15.15
15.48
15.22
15.6
15.62
15.37
15.33
15.47
15.43
15.61
15.86
15.54
15.36
15.61
15.82
15.86
16.11
16.14
15.93
15.94
16.08
16.18
16.22
15.94
16.17
16.26
16.17
16.29
16.26
16.14
16.56
16.68
16.37
16.9
16.48
16.65
16.65
16.77
17.03
16.8
16.62
16.86
16.77
16.9
16.71
16.58
16.67
16.64
16.48
16.82
17.05
16.6
16.59
16.54
16.97
16.79
16.93
16.72
17.01
17.1
17.02
17.01
17.28
16.94
17.16
17.04
17.24
17.25
17.35
17.04
17.02
17.48
17.33
17.26
17.33
17.58
17.57
17.26
17.5
17.36
17.35
17.15
17.29
17.45
17.55
17.41
17.39
17.44
17.36
17.27
17.58
17.42
17.52
17.38
17.6
17.84
17.24
17.34
17.44
17.07
17.42
17.11
17.17
17.17
17.1
17.14
16.94
17
17.19
17.02
17.27
16.77
17.03
16.89
16.88
17.13
17.02
16.88
16.83
16.81
16.7
16.65
16.75
16.76
16.46
16.51
16.7
16.85
16.7
16.73
16.85
16.67
16.57
16.55
16.36
16.51
16.36
16.42
16.51
16.37
16.45
16.54
16.43
16.52
16.48
16.33
16.42
16.41
16.22
16.52
16.57
16.32
16.1
15.98
16.16
15.86
15.95
15.72
15.85
15.59
15.84
15.53
15.91
15.37
15.64
15.41
15.83
15.51
15.52
15.44
15.57
15.52
15.46
15.24
15.5
15.47
15.27
15.45
15.32
15.2
15.45
15.16
15.15
15.36
15.17
15.15
15.09
15.13
15.25
15.39
15.41
14.97
15.38
15.5
15.08
15.13
15.01
14.93
14.75
14.82
14.92
15.06
14.9
15.01
15.04
15.02
15.11
15.31
15.1
15.08
15.29
14.92
14.84
15.14
14.89
14.94
14.94
14.82
14.92
15.1
15.15
15.06
15.09
14.95
15.01
15.21
15.01
15.05
15.08
15.2
15.19
15.23
15.19
14.97
15.29
15.11
15.09
15.16
15.02
15.35
15.2
15.25
14.98
15.31
14.9
15.05
15.06
14.9
14.95
15.09
14.99
14.71
15.12
14.7
14.99
15.02
15
15.06
14.58
15
15.19
15.04
15.22
14.83
15.39
14.68
14.86
14.98
14.71
14.79
14.92
14.83
14.97
15.24
15.06
15.01
15.09
15.17
15.17
15.27
15.2
15.12
15.06
15
15.21
15.15
15.46
15.51
15.27
15.28
15.39
15.32
15.34
15.48
15.62
15.3
15.46
15.56
15.47
15.43
15.35
15.72
15.77
15.53
15.86
15.83
16.03
16.15
15.85
15.87
15.87
15.6
15.73
16.11
15.51
15.94
15.52
15.94
15.53
15.94
15.6
15.54
15.75
16.02
15.94
15.7
15.8
15.79
15.8
16.01
15.74
16.1
15.83
15.94
15.92
15.87
15.95
16.03
16.08
16.03
16.08
16.03
16.12
16.06
15.98
15.92
16.37
16.08
16.41
16.13
16.49
16.4
16.32
16.27
16.61
16.53
16.4
16.33
16.81
16.7
16.69
16.82
16.74
16.79
16.78
16.9
16.9
16.67
16.68
16.59
16.58
16.4
16.53
16.66
16.62
16.45
16.74
16.5
16.3
16.37
16.58
16.55
16.56
16.57
16.68
16.89
16.88
16.75
16.66
16.48
16.48
16.77
16.68
16.62
16.46
16.62
16.55
16.84
16.82
16.49
16.6
16.59
16.96
16.86
16.88
16.65
16.52
16.91
16.62
16.78
17.44
13.76
13.9
14.24
14.43
13.89
13.91
13.92
13.78
13.71
13.76
13.61
13.8
13.38
13.52
13.63
13.43
13.4
13.49
13.6
13.57
13.56
13.24
13.48
13.38
13.21
13.44
13.31
13.36
13.57
13.48
13.55
13.47
13.4
13.58
13.32
13.43
13.31
13.04
13.27
13.43
13.16
13.19
13.36
13.27
13.3
13.03
13.42
13.46
13.43
13.33
13.28
13.18
13.22
13.44
13.43
13.38
13.28
13.21
13.36
13.08
13.08
12.99
13.3
13.23
13.26
13.02
12.94
13.01
12.86
12.89
13.01
12.91
12.76
12.74
12.77
12.94
12.94
12.92
12.63
12.43
12.59
12.49
12.62
12.7
12.74
12.93
12.95
13.06
12.62
13.03
12.81
12.97
13.17
13.11
12.81
12.97
13.18
13.23
12.96
12.92
12.72
12.91
12.58
12.83
12.76
12.84
12.78
12.5
12.79
12.48
12.76
12.52
12.44
12.57
12.52
12.65
12.49
12.49
12.66
12.99
12.92
12.9
12.99
13.02
12.72
12.75
12.86
12.89
12.66
12.59
12.52
12.74
12.64
12.62
12.46
12.4
12.64
12.76
12.5
12.58
12.73
12.83
12.82
12.76
12.87
12.64
12.44
12.73
12.59
12.73
12.71
12.47
12.87
12.75
12.75
12.97
12.62
12.63
12.98
13.05
12.87
12.72
12.84
13.03
12.92
13.14
13.13
13.09
13.13
13.14
13.4
13.2
13.25
13.28
13.3
13.7
13.51
13.37
13.39
13.37
13.45
12.95
13.55
13.26
13.02
12.95
13.4
12.91
13.21
13.31
13.04
13.3
13.41
13.29
13.37
13.39
13.39
13.66
13.51
13.57
13.5
13.66
13.28
13.44
13.74
13.74
13.7
13.88
13.87
14.01
14.07
14.05
13.77
13.83
13.9
13.75
13.68
13.53
13.63
13.45
13.73
13.82
13.77
13.92
13.67
13.71
13.67
13.74
13.72
13.44
13.74
13.77
13.65
13.67
13.76
13.45
13.55
13.54
13.39
13.49
13.31
13.27
13.27
13.29
13.29
13.44
13.33
13.39
13.55
13.58
13.48
13.33
13.34
13.71
13.13
13.17
13.1
12.96
12.69
12.73
12.85
12.74
12.68
12.54
12.71
12.66
12.7
12.81
12.88
12.69
12.7
13.03
12.85
12.84
12.72
12.77
12.82
12.82
12.97
12.67
12.68
12.74
12.91
12.5
12.59
12.52
12.45
12.83
12.66
12.81
12.94
12.59
12.6
12.4
12.91
12.59
12.43
12.75
12.72
12.79
12.82
12.97
12.8
12.87
12.89
12.7
12.79
12.91
13.05
12.84
12.91
12.84
12.66
12.84
12.53
12.63
12.55
12.56
12.44
12.44
12.54
12.6
12.52
12.41
12.44
12.19
12.72
12.46
12.37
12.61
12.57
12.39
12.46
12.51
12.29
12.35
12.4
11.95
12.15
12.12
12.34
12.49
12.33
12.36
12.32
12.49
12.18
12.34
12.24
12.31
12.29
12.09
12.34
12.29
12.46
12.62
12.38
12.2
12.25
12.37
12.49
12.63
12.59
12.28
12.23
12.55
12.32
12.53
12.35
12.49
12.35
12.29
12.2
12.48
12.47
12.33
12.28
12.72
12.6
12.59
12.64
12.51
12.54
12.63
12.7
12.4
12.41
12.6
12.43
12.75
12.29
12.68
12.43
12.53
12.57
12.51
12.52
12.44
12.48
12.64
12.68
12.75
12.67
12.68
12.37
12.49
12.51
12.74
12.33
12.7
12.65
12.97
12.94
12.89
13.02
12.95
12.8
12.82
13
12.98
12.97
13.17
13.49
13.59
13.58
13.78
13.58
13.54
13.78
13.65
13.72
14.79
13
13.44
13.67
13.6
13.53
13.42
13.43
13.47
13.43
13.37
13.43
13.72
13.47
13.69
13.34
13.47
13.44
13.41
13.82
13.83
13.62
13.46
13.51
13.68
13.47
13.77
13.27
13.29
13.24
13.46
13.31
13.53
13.39
13.44
13.65
13.67
13.77
13.57
13.6
13.53
13.64
13.79
13.58
13.92
13.74
13.87
13.97
13.91
14.05
13.75
13.82
13.89
13.41
13.82
13.57
13.67
13.51
13.46
13.58
13.4
13.31
13.22
13.2
13.39
13.5
13.2
13.5
13.21
13.38
13.53
13.49
13.26
13.1
13.28
13.07
12.96
12.97
13.26
12.84
12.97
12.84
12.77
12.86
12.69
12.7
12.69
12.5
12.65
12.55
12.73
12.7
13.16
12.22
12.44
12.49
12.3
12.45
12.29
12.34
12.45
12.36
12.44
12.48
12.59
12.67
12.73
12.58
12.59
12.55
12.53
12.78
12.67
12.43
12.77
12.66
12.78
12.72
12.87
12.76
12.56
12.85
12.52
12.48
12.59
12.84
12.64
12.98
12.66
12.72
12.68
12.64
12.48
12.37
12.42
12.48
12.5
12.68
12.62
12.42
12.29
12.41
12.19
12.21
12.25
12.12
12.35
12.36
12.48
12.35
12.24
12.23
12.39
12.38
12.48
12.51
12.24
12.6
12.5
12.39
12.52
12.3
12.44
12.34
12.29
12.16
12.41
12.25
12.48
12.59
12.65
12.68
12.31
12.64
12.29
12.26
12.5
12.28
12.33
12.33
12.31
12.44
12.18
12.43
12.32
12.25
12.17
12.24
12.12
12.2
11.98
12.02
11.99
12.08
12.08
12.1
12.05
12.09
12.04
12.09
12.29
12.39
12.38
12.49
12.46
12.71
12.77
12.79
12.76
12.59
12.8
12.47
12.49
12.6
12.71
12.73
12.86
12.64
12.66
12.62
12.7
12.83
12.56
12.58
12.47
12.79
12.88
12.96
12.8
12.85
12.75
12.98
12.7
12.67
12.76
12.62
12.62
12.52
12.86
12.81
12.74
12.73
12.87
12.81
12.77
13.19
12.94
13.1
12.98
13.26
13.25
13.12
13.04
12.7
12.91
13.02
13.01
12.76
12.75
12.78
13.31
13.21
13.12
13.22
13.26
13.05
13.1
13.12
13.22
13
13.22
13.04
13.51
13.24
13.33
13.35
13.27
13.06
13.13
13.35
13.05
13.23
13.47
13.37
13.53
13.41
13.19
13.08
13.2
13.29
13.16
13.01
13.35
12.84
13.14
13.26
13.11
13.26
13.34
13.18
13.26
13.21
13.36
13.4
13.63
13.74
13.69
13.97
13.4
13.39
13.21
13.34
13.47
13.3
13.52
13.64
13.67
13.77
13.45
13.47
13.56
13.69
13.62
13.73
13.88
13.98
13.82
14.07
14.08
14.03
13.93
13.84
13.85
13.84
13.95
13.92
14.11
14.15
13.9
14.1
14.31
14.15
13.94
13.98
13.89
13.68
13.67
13.3
13.59
13.47
13.72
13.59
13.35
13.39
13.32
13.41
13.44
13.27
13.08
13.21
13.07
13.26
13.18
13.01
13.14
12.82
12.88
12.87
12.87
13.06
12.97
12.97
12.86
12.91
12.98
13.16
12.85
12.83
12.67
13.12
12.94
13.02
12.94
13.03
13.05
13.09
13.1
12.95
12.91
13.05
12.9
13.16
12.99
13.06
12.94
13.06
13.16
13.04
13.17
13.01
13.03
13.08
12.85
12.84
12.75
12.68
13.08
12.61
12.99
13
12.73
12.58
12.57
12.81
12.83
12.9
12.7
13.02
12.76
13.02
13.12
13.06
13.18
13.08
13.27
13.36
13.3
13.12
13.2
13.3
13.23
13.44
14.21
11.93
12.06
12.21
12.17
12.09
11.97
12.07
12.23
12
11.92
11.77
11.69
11.83
11.96
11.83
11.88
11.79
12
12.15
11.77
11.87
12.05
11.95
11.89
11.78
11.75
11.53
11.36
11.59
11.52
11.48
11.44
11.77
11.43
11.26
11.6
11.67
11.35
11.5
11.43
11.53
11.77
11.6
11.63
11.56
11.57
11.12
11.8
11.45
11.55
11.37
11.66
11.72
11.62
11.57
11.61
11.64
11.64
11.69
11.44
11.61
11.52
11.67
11.72
11.91
11.46
11.38
11.74
11.83
11.77
11.57
11.66
11.64
11.69
11.96
11.61
11.94
11.65
11.89
11.74
11.88
11.94
11.83
12.09
12.18
12.37
12.69
12.31
12.21
12.23
12.51
11.93
12.06
11.98
11.98
12.34
12.21
12.12
12.11
12.19
12.06
12.18
12.3
12.29
12.19
12.22
12.22
12.17
12.34
12.3
12.13
12.37
12.36
12.11
12.27
12.38
12.19
12.29
12.34
12.41
12.59
12.54
12.23
12.29
12.47
12.26
12.41
12.18
12.42
12.29
12.32
12.18
12.08
12.31
11.97
12.31
12.5
12.43
12.53
12.3
12.82
12.52
12.81
12.62
12.52
12.51
12.57
12.64
12.46
12.41
12.13
12.35
12.3
12.54
12.19
12.19
12.2
12.14
12.24
12.19
12.29
12.24
12.3
12.1
12.31
12.23
12.18
11.99
12
12.37
12.45
12.1
12.31
11.92
12.22
12.1
12.11
12.15
11.74
12.11
11.85
11.93
11.94
12.11
11.87
11.81
12.09
12.09
11.86
11.98
11.67
11.91
11.83
11.85
11.57
11.61
11.58
11.43
11.78
11.68
11.49
11.54
11.57
11.62
11.61
11.71
11.59
11.88
11.87
11.83
11.9
11.89
11.67
11.86
11.47
11.82
11.63
11.46
11.54
11.33
11.7
11.59
11.69
11.62
11.87
11.67
11.61
12.02
11.51
11.74
11.66
11.68
11.73
11.61
11.37
11.21
11.32
11.58
11.24
11.48
11.57
11.39
11.85
11.6
11.65
11.28
11.5
11.38
11.46
11.55
11.51
11.43
11.43
11.42
11.34
11.51
11.35
11.41
11.54
11.61
11.41
11.23
11.29
11.29
11.33
11.48
10.93
11.53
11.25
11.49
11.05
11.31
11.24
11.22
11.37
11.41
11.52
11.08
11.57
11.38
11.34
11.36
11.37
11.46
11.38
11.15
11.18
11.4
11.42
10.98
11.38
11.23
11.31
11.4
11.29
11.28
11.55
11.35
11.56
11.41
11.77
11.69
11.58
11.52
11.68
11.54
11.66
11.69
11.83
11.74
11.94
11.77
11.88
11.84
11.63
11.81
11.68
11.71
11.61
11.74
11.69
11.59
11.8
11.62
11.54
11.42
11.6
11.68
11.42
11.74
11.47
11.81
11.71
11.87
11.88
11.95
11.82
11.79
11.66
11.87
11.73
11.81
11.8
12.02
11.78
11.78
11.86
11.59
11.63
12.04
11.61
11.93
12.03
12.12
12.41
12.53
12.23
12.22
12.39
12.2
11.98
12.11
12.01
12.14
12.33
12.59
12.54
12.54
12.86
12.73
12.73
12.69
12.88
12.9
12.99
12.8
13.08
13.43
13.23
13.17
13.28
13.14
12.97
13.2
13.15
12.88
12.95
12.95
12.91
12.92
12.94
12.77
12.66
12.79
13.13
12.6
12.97
12.73
12.56
12.93
13
12.9
12.77
12.7
12.74
12.62
12.46
12.49
12.47
12.35
12.45
12.58
12.65
12.4
12.56
12.44
12.36
12.1
12.17
12.25
12.29
12.36
12.58
12.41
12.44
12.67
12.53
12.32
12.73
12.58
12.5
13.5
17.31
14.03
14.17
14.74
14.53
14.9
14.6
14.4
14.47
14.82
14.27
14.81
14.49
14.71
14.35
14.7
15.05
14.41
14.5
14.42
14.41
14.63
14.43
14.72
14.59
14.84
14.38
14.29
14.67
14.56
14.43
14.74
14.61
14.79
15.12
15.02
14.92
15.42
14.54
14.71
14.56
14.77
14.53
14.5
14.72
15.01
14.68
15.08
14.7
14.44
14.47
15.06
14.37
14.73
14.75
14.46
14.68
14.86
15.05
14.75
14.79
14.61
14.64
14.83
14.74
14.61
14.8
14.44
14.61
14.92
14.81
14.7
14.29
14.74
14.4
14.85
14.44
14.55
14.25
14.3
14.84
14.6
14.29
14.74
14.56
14.3
14.26
13.93
13.77
14.12
14.26
14.3
14.1
14.51
14
14.24
14.29
14.04
13.91
13.99
14.16
14.32
14.02
14.15
14.07
13.93
13.8
14.25
14.13
14.02
13.84
14
14.15
14.2
14.38
14.43
14.52
14.02
14.51
14.39
14.31
14.3
14.22
14.23
14.32
14.32
14.41
14.12
14.07
14.1
14.51
14.04
13.92
13.8
13.9
14.11
14.1
14.04
13.65
13.68
13.43
13.94
13.71
13.55
13.99
13.5
13.82
13.82
14.09
14.09
14.01
14.16
14.15
14.15
14.43
14.17
14.56
13.99
14.54
14.53
14.26
14.43
14.45
14.78
14.66
14.55
14.74
14.82
14.88
15.1
15.71
15.13
15.15
15.24
15.57
15.65
15.53
15.7
15.42
15.67
15.85
15.66
15.66
15.36
15.67
15.28
15.41
15.34
15.62
15.53
15.27
15.39
15.37
15.6
15.22
15.3
15.32
15.2
15.52
15.57
15.48
15.36
15.43
15.51
15.77
15.6
15.42
15.45
15.57
15.57
15.48
15.56
15.74
15.87
15.83
16.18
15.52
15.99
15.44
15.75
15.79
16
15.79
16.12
15.87
16.13
15.82
16.78
16.13
15.52
16.02
16.38
15.84
15.63
15.66
15.71
15.39
15.98
15.5
16.31
15.68
15.75
15.97
15.54
15.51
15.62
15.65
15.62
15.58
15.57
15.44
15.31
15.42
14.93
15.45
15.09
15.2
15.13
15.15
15.42
15.26
15.07
15.13
14.78
14.85
15.02
14.67
15.41
14.65
15.29
14.94
15.45
15.38
15.45
15.27
15.53
15.41
14.79
15.43
15.1
14.89
15.33
14.9
15.25
15.1
15.12
15.2
15.24
15.72
15.11
15.28
15.25
15.31
15.32
15.34
14.88
14.92
14.78
14.9
14.91
14.61
14.89
15.04
14.99
14.88
14.68
14.47
14.45
14.63
14.61
14.2
14.13
14.49
14.4
14.03
14.05
13.96
14.14
13.46
14.16
13.93
13.98
14.48
13.85
14.29
13.76
14.17
14.03
14.3
14.11
14.08
13.96
13.98
13.62
14.27
13.81
13.88
13.48
13.76
13.66
13.75
13.48
13.2
13.59
13.42
13.54
13.27
13.09
13.45
13.44
13.48
13.41
13.49
13.35
13.3
13.69
13.74
13.2
13.52
13.7
13.61
13.81
13.68
13.5
13.51
13.61
13.38
13.75
13.69
13.68
13.55
14.15
13.62
13.94
13.63
13.38
13.66
13.66
13.57
13.53
13.57
13.36
13.8
13.56
13.4
13.44
13.34
13.24
13.09
13.33
13.18
13.31
13.11
13.48
13.32
13.38
13.63
13.22
13.53
13.25
13.5
13.33
13.61
13.6
13.18
13.79
13.8
13.59
13.41
13.61
13.54
13.68
13.41
13.63
13.15
13.52
13.53
13.77
13.76
14.06
13.36
14.07
13.94
13.97
13.93
14.22
14.11
14.29
14.27
14.16
14.15
15.52
13.68
14.32
14.78
14.46
14.65
14.37
14.94
14.41
14.71
14.07
14.16
14.78
14.28
15
15.19
14.95
14.86
14.85
14.84
14.9
14.34
14.7
14.44
14.84
14.93
14.74
14.64
14.85
15.15
15.23
14.93
15.26
15.03
15.34
15.29
15.1
15.15
14.92
14.94
15.3
14.73
14.76
15.27
14.86
14.8
15.37
15.36
15.06
14.93
15.1
15
15.31
15.17
14.94
15.15
15.16
15.04
15.31
14.81
14.8
15.3
15.15
14.86
15.07
15.04
14.88
14.9
14.7
15.23
14.81
14.83
15.1
14.53
14.92
14.83
14.87
14.84
14.66
15.14
14.55
15.14
15.17
14.89
15.26
14.98
15.32
15.08
14.92
14.72
15.37
14.83
15.04
14.8
15.2
14.9
15.06
14.84
15.18
15.33
15.11
15.13
15.03
15.12
15.47
15.21
15.65
16.05
15.57
15.69
15.44
15.35
14.99
14.94
15.33
15.3
15.27
14.63
15.19
15.19
15.11
14.65
14.54
14.57
15.02
14.8
14.96
14.78
14.55
14.61
14.49
14.46
14.45
14.5
14.4
14.22
14.35
14.32
13.92
14.37
13.69
14.43
14.13
14.15
13.84
14.01
14.21
13.94
14.08
13.7
14.09
14.05
13.9
13.91
13.94
13.82
13.52
13.72
13.4
13.73
13.73
13.62
13.51
13.6
13.77
13.79
13.59
13.83
13.53
13.67
13.64
13.7
13.2
13.3
13.05
13.55
13.24
13.44
13.58
13.22
13.83
13.34
13.61
13.44
13.68
13.44
13.64
13.34
13.38
13.08
12.97
12.97
13.39
13.47
13.72
12.8
13.59
13.19
13.52
13.24
13.28
13.46
13.26
13.44
13.21
12.91
13.23
12.87
14.08
13.26
13.26
13.77
13.52
13.49
13.57
13.52
13.47
13.19
13.31
13.58
13.21
13.56
13.36
13.66
13.52
13.63
13.41
13.73
13.91
13.88
14.09
14.1
13.91
13.95
13.91
13.94
13.8
13.93
13.77
13.68
13.88
13.73
13.85
13.89
13.76
14.07
13.41
13.74
13.53
14.2
13.38
13.35
13.54
13.26
13.62
13.72
13.59
13.79
13.75
13.77
13.9
13.88
13.75
14.04
13.89
13.71
13.8
14.22
14.06
14
14.45
14.27
14.31
13.88
14.08
14
13.76
13.91
13.93
14.33
13.89
14.23
14.16
14.12
14.08
14.28
13.85
14.36
14.35
14.26
14.66
14.31
14.6
14.66
14.42
14.67
14.73
14.38
14.65
14.54
14.38
14.63
14.28
14.81
14.75
15.37
14.85
14.63
14.66
15.04
14.65
15.03
14.49
14.66
14.35
15.25
15.15
15.3
15.23
15.35
15.4
15.62
15.46
15.39
15.69
16.21
15.79
15.98
16.25
16.12
15.83
15.82
16
15.82
15.67
15.61
15.13
15.51
15.54
15.55
15.7
15.18
15.18
14.98
15.38
14.96
15.26
15.04
14.99
15.27
15.27
15.39
15.11
14.87
15.3
15.33
15.82
15.4
14.93
15.11
15.02
15.17
15.25
15.25
15.09
15.12
15.46
15.65
15.48
15.07
15.21
15.08
14.83
15.04
14.8
14.59
14.51
14.1
14.51
13.93
14.16
14.11
13.91
13.74
13.88
13.61
13.33
13.43
13.41
13.6
13.08
13.7
13.48
13.16
13.32
13.16
13.34
13.01
12.93
13.18
13.15
13.23
13.02
13.01
12.85
12.79
13.17
13.01
13.17
13.14
12.61
12.9
12.75
13.03
13.02
12.89
12.83
12.89
12.35
13.14
12.87
13.16
13.14
13.45
13.29
12.99
13.43
13.01
13.61
13.23
13.17
12.95
14.18
13.52
13.98
13.64
13.79
13.92
13.42
13.29
13.63
13.59
13.62
13.57
13.46
13.88
13.48
13.74
14.23
14.15
14.41
14.39
14.33
14.29
13.93
14.09
13.98
14.68
14.32
14.06
13.9
13.92
14.27
13.85
13.91
13.66
13.93
14.04
13.87
13.69
13.31
13.55
13.23
13.24
13.45
13.36
13.38
13.19
13.4
13.5
13.53
13.62
13.39
13.43
13.54
13.29
13.25
13.46
13.37
13.3
13.25
13.24
13.53
13.59
13.35
13.81
13.52
13.66
13.4
13.39
13.59
13.57
13.45
13.53
14
13.7
13.54
13.3
13.69
13.46
13.7
13.8
14.2
13.98
14.21
13.83
14.11
13.67
13.78
13.98
14.22
14.08
14.01
14.16
14.02
14
14.22
14.23
14.57
14.64
14.47
14.08
14.29
14.27
14.14
14.12
14.39
14.35
14.86
14.68
14.93
15.31
14.81
14.87
15.16
15.03
15.05
14.89
15.12
15.54
14.69
14.98
15.35
14.93
15.59
15.56
15.4
15.85
15.71
15.44
15.37
15.65
15.92
15.5
16.1
15.57
15.89
15.68
16.1
16.5
16.19
15.77
16.04
16.14
16
15.66
15.84
16.31
15.58
15.71
15.93
15.77
15.69
15.91
15.72
15.98
15.81
16.04
15.44
15.87
15.75
15.94
16.22
16.17
16.3
16.04
16.36
16.3
16.02
16.12
15.66
16.02
16.01
15.78
15.77
15.75
15.76
15.77
15.85
15.62
15.32
15.45
15.74
15.59
15.77
15.28
15.99
15.74
15.84
15.83
16.01
15.94
15.85
15.99
16.1
16.1
15.89
15.45
15.57
15.99
15.77
16
15.74
15.74
16.29
15.71
16.04
16.02
15.84
15.78
15.95
16
15.94
15.78
15.58
15.78
15.8
15.58
14.91
15.01
14.9
14.94
14.49
14.66
14.61
14.68
14.72
14.72
14.86
14.58
14.56
14.77
14.88
14.96
15.32
14.94
14.6
14.25
14.45
14.74
14.45
14.61
14.34
14.28
14.35
14.44
14.26
14.17
14.17
14.34
14.34
14.34
13.98
13.92
14.1
14.12
14.36
14.22
14.48
13.94
13.96
13.89
13.69
14.27
13.57
13.68
13.68
13.7
13.68
13.26
13.51
13.32
13.86
13.74
13.54
13.29
13.6
12.98
13.62
13.7
13.58
13.52
13.2
13.59
13.9
13.52
13.5
13.09
14.3
13.03
13.72
13.56
13.12
13.49
13.27
13.51
13.44
13.56
13.35
13.44
13.89
13.43
13.84
13.59
13.54
13.61
13.55
13.53
13.7
13.14
13.6
13.51
13.58
13.83
13.59
13.72
13.72
13.55
13.83
13.54
13.49
13.47
13.6
13.4
13.62
13.4
13.72
13.38
13.95
13.42
14.04
14.29
13.97
13.76
13.97
13.99
14.05
14
13.81
14.24
13.88
14.52
13.35
13.64
13.78
13.43
14.12
13.92
14.45
13.83
13.93
13.72
13.69
13.94
13.68
14.14
13.9
14.19
14.38
14.24
14.17
14.39
14.95
14.42
14.68
14.63
14.1
14.44
14.53
14.33
14.55
14.54
15.17
14.34
14.85
14.83
14.47
15.03
15.01
15.18
15.35
15
14.93
15.05
15.19
15.03
15.1
15.22
14.87
15.08
14.88
15
14.98
14.87
15.09
14.84
15.25
15.04
14.58
14.83
14.83
14.77
14.65
14.98
14.71
14.97
14.73
14.89
14.44
14.89
14.94
14.75
14.78
15.05
14.82
15.04
15.02
14.9
15.23
15.55
15.41
15.46
15.75
15.26
15.53
16.02
15.91
15.6
15.74
15.48
15.84
16.29
15.83
16.1
16.6
17.81
18.03
18.53
18.41
17.57
17.81
17.49
17.39
17.34
17.27
17.25
17.86
17.34
17.42
17.59
17.29
17.44
17.98
17.84
17.8
17.48
17.89
18.01
17.49
17.11
17.45
17.25
16.97
17.23
17.06
16.9
17.08
16.79
16.81
17.08
16.87
16.66
16.34
16.45
16.88
16.42
16.44
16.18
16.33
16.45
16.25
16.41
15.93
16.25
16.35
16.1
16.05
16.14
16.05
16.29
15.68
15.89
15.88
16.15
15.95
15.8
15.93
16.02
15.86
15.71
15.57
15.76
16.02
16.13
15.66
15.98
15.87
15.66
15.91
15.79
15.83
15.7
15.95
15.69
15.65
15.52
15.68
15.73
15.23
15.56
15.57
15.04
15.12
15.07
15.4
14.96
15.34
15.41
15.2
15.34
15.11
15.58
15.39
15.43
15.27
15.49
15.58
15.57
15.37
15.39
15.49
15.36
15.09
15.47
14.6
15.48
15.38
15.29
15.49
15.35
15.31
15.2
15.01
15.23
15.43
15.08
14.93
15.04
15.34
15.24
15.14
15.18
14.92
15.34
15.05
15.31
15.29
15.28
15.34
15.3
14.52
15.24
14.84
14.81
14.94
15.04
15.21
14.98
15.07
14.8
15.4
15.07
15.54
15.07
15.02
14.93
14.96
15
14.98
14.78
14.93
15.12
14.77
15.39
14.76
15.31
14.88
15.51
15.12
15.08
15.14
15.02
15.24
15.49
15.35
15.59
15.25
15.81
15.68
16.02
15.8
15.81
15.74
15.63
15.68
16.2
15.97
16.56
15.77
16.05
16.1
16.78
15.87
16.35
16.12
16.24
16.45
16.82
16.48
16.58
16.25
17.05
17.04
16.74
16.76
16.85
16.9
16.67
16.84
16.76
16.94
16.9
17.27
17.2
17.04
16.78
16.91
16.93
17.42
17.42
17.57
17.36
17.38
17.25
16.73
17.02
16.94
17
17.82
17.37
17.69
17.64
17.23
17.42
17.34
17.74
17.8
17.59
17.79
17.97
17.5
17.99
18.09
17.49
18.02
17.57
17.52
17.34
17.63
17.5
17.85
18
17.87
17.64
17.16
17.59
17.42
17.76
18.48
17.52
17.57
17.34
17.51
17.16
17.34
17
17.07
16.91
16.81
17.14
16.87
17.04
16.66
17.23
16.98
17.04
17.38
17.34
16.98
17.25
17.18
17.01
16.9
16.93
16.9
17.18
17.02
17.3
16.95
17.01
17.01
17.05
17.03
17.27
17
17.02
16.83
16.69
16.56
17.17
17.21
16.81
17.53
16.89
16.94
16.6
16.37
16.44
16.19
16.43
16.03
16.51
15.97
16.2
16.04
16.08
15.88
15.96
16.01
15.81
15.91
15.49
15.41
15.4
15.61
15.74
15.66
15.65
15.41
15.64
15.04
15.44
15.48
15.3
15.59
15.53
15.46
15.71
15.62
15.34
15.06
15.17
15.02
15.2
14.59
14.7
15.36
14.96
15.05
14.68
14.81
14.6
14.99
14.86
14.89
14.2
14.57
14.65
14.26
14.71
14.58
14.44
14.41
14.42
14.65
14.63
14.65
14.91
14.48
14.51
14.39
14.3
14.48
14.38
14.62
14.42
14.28
14.71
14.74
14.55
14.57
14.72
14.72
14.96
14.54
14.69
14.63
14.79
14.99
14.7
14.41
15.05
14.71
14.49
14.59
14.34
14.98
14.52
14.92
15.1
14.74
14.87
14.66
14.76
15.24
15.28
15.05
14.98
15.69
14.98
14.94
14.79
14.87
14.54
14.96
15.08
15.07
14.97
14.85
15.05
15.16
14.94
14.88
15
15.41
15.4
15.68
15.58
15.68
15.52
16.13
15.6
15.61
15.92
15.51
15.96
17.38
14.25
14.44
14.55
14.9
15.02
14.61
14.27
14.35
14.44
14.43
14.38
14.67
14.24
14.57
14.67
15.04
15.03
15.18
15.26
15.43
15.09
15.08
14.98
15.27
14.98
15.57
15.5
15.76
15.87
15.98
15.51
15.76
15.68
15.65
15.89
16
16.12
16.11
16.49
16.13
16.41
16.39
15.87
16.33
16.16
16.47
16.27
16.37
16.63
16.39
16.31
16.7
16.09
16.53
16.1
16.66
16.74
16.39
16.53
16.58
16.78
16.63
16.63
16.79
16.33
15.98
16.49
16.14
16.42
16.27
15.98
16.32
16.13
16.9
15.88
15.76
16.15
17.17
16.56
16.93
16.96
16.77
16.98
16.81
17.29
16.95
16.68
16.98
16.67
16.99
16.87
17.66
16.02
16.09
16.62
16.44
16.73
16.66
16.71
16.62
16.44
16.77
16.62
17.27
16.64
17.24
17.14
16.86
16.61
16.84
16.78
17.38
16.64
16.69
16.65
16.68
16.89
17.19
17.26
16.7
16.79
16.51
16.92
16.61
16.79
16.09
16.29
16.4
16.55
16.59
16.02
16.01
15.71
15.35
15.7
15.57
15.92
15.63
15.52
15.62
16.15
15.68
15.84
15.81
15.02
15.44
15.43
15.13
15.28
15.06
15.21
15.47
15.3
15.03
15.58
14.67
15.8
15.4
15.51
15.59
15.48
15.83
15.71
15.69
15.31
15.15
15.22
14.89
15.34
14.97
15.31
15
15.33
15.23
15.06
15.48
15.11
15.21
14.78
15.17
15.09
14.49
14.65
14.57
14.64
14.55
14.43
14.48
14.25
13.91
13.81
14.13
14.11
14.25
14.2
14.46
14.27
14.35
14.2
13.84
14.11
13.99
13.98
14.15
13.97
13.66
14.39
13.97
13.84
13.86
13.82
13.78
13.37
13.7
13.62
13.67
13.51
13.76
13.65
13.61
13.92
13.58
13.57
13.82
14.07
13.88
13.73
13.01
13.68
13.66
13.92
13.76
13.56
13.59
13.19
13.28
13.31
13.32
13.2
13.53
13.5
13.61
13.65
13.25
13.27
13.57
13.78
13.92
13.7
14.15
14.19
14.1
13.97
14.19
13.72
13.58
13.33
13.09
13.3
13.84
13.82
14.3
14.08
13.99
13.91
14.09
14.02
14.52
14.11
14.46
14.53
14.48
14.54
15.25
15.85
15.32
15.26
15.22
15.34
14.84
14.76
14.95
14.78
15.15
15.54
15.28
15.54
15.2
14.93
14.87
15.28
15.25
14.59
14.76
14.8
14.53
15.32
15.47
15.1
15.25
15.2
15.48
15.17
15.3
15.55
15.12
15.59
15.22
15.43
15.14
15.01
15.27
14.77
15.12
15.59
15.38
15.78
15.21
15.27
15.37
15.4
15.43
15.31
15.4
15.3
15.08
15.47
15.1
15.47
15.38
15.52
15.77
15.71
15.61
15.42
15.71
15.52
15.48
15.36
15.55
15.46
15.67
16.06
16.21
15.8
15.76
14.98
15.73
15.28
15.19
15.2
14.92
15.27
15.07
15.36
15.49
15.23
15.15
15.21
14.79
14.87
14.73
14.56
15.03
14.9
15.49
14.76
15
14.92
14.85
14.85
14.81
14.88
14.77
15.01
15.19
15.25
14.86
14.88
14.96
15.06
15.33
14.99
14.88
14.94
14.66
14.67
14.88
14.55
14.39
14.42
14.5
14.5
14.57
14.36
14.41
14.33
14.22
14.23
14.19
14.27
14.02
13.96
13.98
13.97
14.15
13.8
14.29
14.38
13.83
14.38
13.65
13.77
13.46
13.8
13.36
13.86
13.16
13.24
13.48
13.61
13.95
13.81
13.81
13.72
13.51
14.01
13.57
13.75
12.91
13.38
0
