-21.4194
-18.8032
-19.1727
-19.4787
-19.4309
-19.3291
-19.2289
-19.1664
-19.0933
-19.3439
-19.2569
-19.5636
-19.0532
-19.1006
-19.1881
-19.0876
-19.4128
-19.1087
-18.8111
-19.0633
-19.1531
-19.3466
-19.1833
-19.1699
-19.0318
-19.5916
-19.1978
-19.1735
-18.923
-18.7747
-18.5752
-19.2822
-18.9204
-18.5646
-18.8002
-18.7955
-19.0458
-19.4026
-18.7978
-18.9723
-18.6436
-18.8762
-18.7467
-19.066
-19.2567
-18.881
-18.6262
-19.1177
-19.1147
-19.0979
-18.4755
-19.1429
-18.7748
-18.8653
-19.1156
-18.9393
-18.9949
-19.3941
-19.2253
-19.605
-19.5424
-19.249
-18.911
-18.9168
-19.1702
-19.0693
-18.7217
-18.8647
-18.6021
-18.8373
-19.1227
-18.9202
-18.6351
-19.0139
-18.8144
-18.7985
-18.7574
-19.2528
-18.7715
-18.7886
-18.8952
-18.8514
-18.5061
-19.1789
-18.5304
-18.2872
-18.5531
-18.9004
-18.8483
-19.1411
-18.7491
-18.5822
-19.0393
-19.3779
-18.8623
-18.9087
-18.4368
-18.6346
-18.6208
-18.8707
-18.5996
-18.4105
-18.4206
-18.5493
-18.309
-18.3607
-18.3329
-18.5006
-18.7668
-18.439
-18.8692
-18.758
-18.4415
-18.702
-18.5897
-18.6382
-18.7211
-18.247
-18.6638
-18.4218
-18.3675
-18.9659
-19.013
-18.7753
-18.5943
-18.7888
-18.7438
-18.7349
-18.8742
-18.791
-18.8386
-18.8822
-18.5253
-18.86
-18.8697
-18.9238
-18.961
-19.016
-18.7142
-18.6505
-18.5218
-18.7804
-18.681
-18.887
-19.3261
-18.7454
-18.8217
-19.1442
-19.4612
-18.9971
-18.8077
-18.9557
-18.7503
-18.7755
-19.1905
-19.0643
-18.9701
-18.4585
-18.9428
-18.6838
-19.012
-18.8768
-18.9232
-19.0569
-18.5782
-18.7859
-18.8962
-19.3821
-19.3915
-19.1201
-19.1004
-18.9999
-18.9999
-18.9929
-18.8727
-18.6958
-19.122
-19.4991
-19.4673
-19.4783
-19.0539
-18.9828
-19.0111
-19.0358
-18.8042
-18.8315
-18.6151
-18.467
-19.0428
-18.9386
-18.7651
-18.6631
-18.6607
-18.6801
-18.4701
-18.6304
-18.4768
-18.0813
-18.2198
-18.4107
-18.6
-18.5315
-18.8985
-18.4861
-18.8126
-18.5897
-18.6953
-18.3736
-18.0933
-18.1052
-18.2207
-18.0936
-18.2649
-18.0788
-18.7121
-18.6675
-18.2332
-18.3559
-17.9732
-18.0901
-17.9883
-18.1802
-18.0263
-18.3095
-18.455
-18.2773
-18.0592
-18.5389
-18.1678
-17.9168
-17.8421
-18.064
-18.0151
-17.9241
-18.2339
-17.9499
-17.9078
-18.0651
-18.0332
-18.5762
-18.2327
-18.1971
-18.0301
-17.9259
-18.1678
-18.2103
-18.1729
-18.2357
-18.3973
-18.1429
-17.9585
-18.0962
-17.7613
-17.9178
-17.5513
-17.6704
-17.6092
-17.9312
-17.7663
-17.7311
-17.5046
-17.6865
-17.899
-17.9666
-17.2971
-17.3437
-17.7826
-17.7816
-17.5101
-17.7326
-17.1563
-17.8421
-17.4352
-17.4852
-17.1689
-17.0706
-17.4038
-17.1745
-17.6721
-17.6163
-17.0146
-17.8448
-17.4202
-17.5884
-17.3382
-17.5096
-16.9828
-17.4154
-17.3078
-17.0349
-17.6763
-17.4488
-17.3094
-17.2062
-17.2295
-17.2329
-17.5217
-17.1374
-17.3114
-17.3403
-17.4195
-17.8687
-17.586
-17.5977
-17.4651
-17.59
-17.5503
-17.6343
-17.2516
-16.902
-17.2874
-17.2302
-17.607
-17.54
-17.4768
-17.1535
-17.1629
-17.7802
-17.4294
-17.7519
-17.464
-17.4983
-17.6861
-17.4108
-17.7977
-17.6161
-17.772
-17.6237
-17.6792
-17.6949
-17.6892
-17.3352
-17.3488
-17.2186
-17.7932
-17.8108
-18.0383
-17.5823
-17.5468
-17.6612
-18.3406
-17.5549
-17.4464
-17.7943
-17.7859
-18.0136
-18.0543
-17.9956
-18.0681
-18.2607
-18.338
-18.1513
-18.3352
-18.0856
-18.0291
-17.8742
-17.9029
-17.9593
-18.1793
-18.2979
-17.8432
-18.4129
-18.5273
-18.3644
-17.8285
-17.9854
-18.0707
-18.3181
-18.4534
-18.3338
-18.6232
-19.0125
-18.4042
-18.6228
-18.2683
-18.1962
-17.7969
-18.0423
-17.9571
-18.283
-18.2535
-18.3834
-18.4253
-18.2163
-18.0104
-17.9392
-18.1268
-17.916
-17.8099
-18.0956
-18.3602
-18.0284
-18.2238
-18.2111
-18.303
-18.2432
-18.6012
-18.4317
-18.0438
-18.1863
-18.3667
-18.2408
-18.4356
-18.7307
-18.3846
-18.461
-18.597
-18.4892
-18.5242
-18.5346
-18.2162
-18.8173
-18.6033
-18.9654
-18.7615
-18.6738
-18.8663
-19.0478
-19.2519
-19.5858
-19.0557
-19.812
-19.4551
-19.5247
-19.9208
-19.9995
-19.8787
-19.7525
-20.1101
-19.692
-20.0198
-21.9252
-20.0046
-19.685
-20.0646
-20.0599
-19.7677
-19.7006
-19.8392
-19.6728
-19.4796
-19.1147
-19.1506
-19.2725
-19.0359
-19.1643
-19.7317
-19.3504
-19.4637
-19.3511
-19.8079
-19.4802
-19.3807
-19.3139
-19.2836
-19.3543
-19.2425
-19.4098
-19.0776
-19.4191
-19.2583
-19.4517
-19.1837
-19.1736
-18.8883
-18.9601
-18.8029
-18.6194
-18.6842
-18.9763
-18.8506
-19.0163
-18.7284
-19.0043
-19.072
-19.0525
-18.5148
-18.6545
-18.6554
-18.8356
-18.9475
-18.8647
-18.7353
-18.8798
-18.9118
-18.7653
-18.6883
-18.4763
-18.5645
-18.5182
-18.5115
-18.7692
-18.9382
-19.0292
-19.0587
-19.0656
-18.8435
-18.8404
-19.0594
-18.865
-18.7489
-18.7988
-18.7302
-19.2504
-18.9504
-18.7382
-18.6915
-19.2485
-18.7576
-18.5338
-18.4539
-18.3373
-18.5269
-18.5733
-18.8687
-19.1718
-18.4558
-18.8669
-19.0486
-18.7518
-18.5728
-18.7597
-18.4872
-18.7552
-18.7953
-18.9126
-18.7958
-19.4239
-19.0547
-19.1266
-19.3101
-18.8483
-18.5974
-18.5152
-19.0425
-19.1535
-19.0079
-19.412
-19.4432
-18.824
-19.5847
-19.1271
-19.1944
-18.8048
-18.5387
-18.8801
-18.9168
-19.2133
-18.8926
-19.0482
-19.1177
-19.3332
-18.9823
-19.2633
-18.9099
-18.9723
-18.9774
-19.0472
-19.478
-19.5046
-19.4881
-18.9607
-19.5849
-19.8149
-19.7451
-19.5614
-19.4596
-19.762
-19.6431
-19.8806
-20.2571
-20.0891
-20.1271
-20.3202
-20.1533
-20.2169
-20.0729
-19.9332
-19.843
-19.955
-19.9838
-20.0564
-19.9294
-19.88
-19.761
-20.1664
-19.9016
-19.6644
-19.7996
-19.8884
-19.6618
-20.0924
-20.3394
-20.1776
-20.6064
-20.4286
-20.5211
-20.4672
-20.4534
-20.0509
-19.8755
-20.0391
-20.2267
-20.3673
-20.2964
-20.4736
-20.294
-20.1926
-20.4058
-20.4225
-19.9836
-20.7309
-20.2657
-20.5968
-20.3186
-20.7669
-20.9109
-20.6557
-20.6646
-20.7206
-20.6083
-20.4529
-20.5227
-20.4798
-20.511
-21.0788
-20.7103
-21.3876
-20.8151
-21.4581
-21.313
-21.2372
-21.4795
-21.2009
-21.1856
-21.1722
-21.615
-21.5742
-21.1244
-21.9042
-21.5678
-21.3783
-21.81
-21.8305
-21.2534
-21.5918
-21.8755
-21.6231
-21.8322
-21.9257
-21.757
-21.4857
-21.5667
-21.7349
-21.6667
-21.4984
-21.1331
-21.168
-20.9673
-21.3663
-21.3765
-21.8735
-21.5502
-21.6461
-21.8816
-22.1371
-21.7931
-21.6944
-21.8854
-22.0825
-21.781
-22.0879
-21.6123
-21.5703
-21.7901
-21.7828
-21.7349
-21.1193
-21.5162
-20.8593
-21.4853
-21.3631
-21.3012
-21.3254
-21.3716
-21.3805
-21.2729
-21.4797
-21.1326
-21.2027
-21.015
-21.1935
-21.2506
-20.8919
-21.4599
-20.9664
-20.9103
-21.1383
-21.4561
-21.1465
-21.0235
-21.0809
-20.8462
-21.2069
-21.1652
-21.2907
-21.1637
-21.6406
-21.2334
-21.1858
-21.4591
-20.6512
-21.1346
-20.7633
-20.8962
-21.0368
-21.3444
-21.072
-21.1931
-21.5074
-21.6344
-21.3851
-21.3184
-21.342
-21.367
-21.3476
-21.5514
-21.689
-21.3037
-21.5969
-21.3701
-21.0729
-21.3509
-20.7706
-20.6626
-20.6022
-20.9578
-20.6611
-20.9551
-20.6479
-20.9253
-20.5417
-20.7527
-20.4288
-20.6241
-20.2414
-20.2748
-19.9648
-20.3396
-20.3585
-20.2227
-19.8568
-20.0936
-19.8064
-19.9018
-20.1432
-19.9385
-19.6396
-20.0367
-20.1115
-20.2523
-20.4517
-20.307
-20.3012
-20.4134
-20.1971
-20.5275
-20.154
-20.2292
-19.8974
-19.9224
-20.4846
-20.0808
-20.513
-19.9564
-20.4272
-20.053
-20.5631
-20.6459
-20.0289
-19.8987
-20.0986
-20.4266
-20.0766
-20.2508
-20.082
-19.8903
-20.5827
-19.9024
-20.0516
-19.9318
-19.6169
-19.4222
-19.736
-19.7933
-19.7394
-19.4979
-19.7413
-19.6432
-19.8052
-19.5618
-19.46
-19.4535
-19.0714
-19.3907
-19.4303
-19.5555
-19.4557
-19.2325
-19.5143
-19.0879
-19.5155
-19.5746
-19.0726
-19.2924
-19.0276
-19.412
-19.4167
-19.3477
-19.1677
-19.2153
-19.3224
-19.2077
-19.3086
-18.8507
-18.9198
-19.0778
-19.2515
-19.1229
-19.1995
-19.3298
-19.2695
-19.6926
-19.6795
-19.6958
-19.5861
-19.2862
-19.6256
-19.7043
-19.7893
-20.0237
-19.7371
-19.8025
-19.6424
-20.2998
-19.9979
-19.8338
-19.8065
-19.8574
-19.8449
-20.5507
-20.6061
-20.4342
-20.7761
-20.8311
-21.0626
-21.201
-21.194
-20.8445
-21.1704
-20.9383
-21.5806
-21.3096
-23.5669
-19.9398
-19.566
-19.6228
-19.8165
-19.5032
-19.0989
-19.252
-19.5186
-19.5394
-19.4244
-19.012
-19.223
-19.2054
-19.3639
-19.2079
-19.3377
-19.3517
-19.1861
-19.4745
-19.4407
-19.7201
-19.1385
-19.5352
-19.4463
-19.6561
-19.907
-19.3152
-18.9387
-18.8961
-19.3469
-19.1609
-19.5476
-19.1493
-18.9488
-19.1867
-19.2243
-19.142
-19.4591
-19.0172
-19.2163
-19.1728
-19.216
-19.2956
-19.2435
-19.0601
-19.206
-19.4201
-19.2529
-19.4664
-19.08
-19.068
-19.5311
-19.197
-19.1769
-19.3434
-19.2618
-19.1283
-19.2987
-19.0798
-19.4446
-19.2207
-19.0573
-19.293
-18.9849
-19.2709
-19.4084
-19.3916
-19.3516
-19.6759
-19.2886
-19.508
-19.6364
-19.536
-19.6322
-19.8038
-20.0499
-20.1409
-19.8707
-19.6491
-20.1392
-19.9641
-20.0199
-19.7554
-19.7607
-20.0329
-19.5204
-19.9781
-20.0726
-19.5267
-19.7281
-19.4848
-19.913
-19.5558
-19.498
-19.4569
-19.5372
-19.3907
-19.456
-19.7172
-19.7582
-19.5763
-19.6396
-19.6494
-19.8951
-19.7939
-19.9256
-19.5448
-19.6134
-19.9405
-19.8302
-19.8126
-19.7744
-19.3836
-19.4555
-19.3761
-19.2856
-19.7452
-19.0526
-19.1256
-19.6749
-19.2274
-19.7097
-19.5995
-19.4014
-19.626
-19.7795
-19.7267
-19.5821
-19.5365
-19.5029
-19.5834
-19.8807
-19.2744
-19.5435
-19.5868
-19.5166
-19.867
-19.6646
-19.403
-19.3415
-19.3819
-19.0937
-19.5094
-19.5626
-19.5266
-19.3052
-19.3394
-19.4434
-19.2167
-19.3786
-18.9284
-18.8445
-18.939
-18.9911
-19.2841
-19.1369
-19.0848
-18.9243
-19.2674
-19.2447
-18.8531
-18.5846
-18.8151
-18.8032
-19.2291
-18.9385
-18.8534
-19.1125
-19.4851
-18.9133
-19.3702
-19.1201
-18.9235
-18.7777
-18.9379
-19.1771
-19.1711
-19.0597
-19.2705
-19.1096
-18.7645
-18.8668
-18.8243
-18.8156
-18.4324
-18.6096
-18.5633
-18.6643
-18.6968
-19.1779
-18.9502
-19.2492
-19.1938
-19.0497
-18.9372
-18.958
-19.0371
-19.0443
-19.3112
-19.3556
-19.3414
-19.4077
-18.8383
-19.0195
-18.9268
-18.4576
-18.4318
-18.3923
-18.4694
-18.5808
-18.5925
-18.5883
-18.3022
-18.3451
-18.282
-18.1412
-18.0675
-17.8751
-18.0326
-17.6877
-17.9136
-18.1644
-18.291
-18.0809
-17.845
-18.3229
-18.1917
-18.2347
-18.229
-18.1327
-18.433
-18.3182
-18.2028
-18.4127
-18.4043
-18.4768
-18.4536
-18.4814
-18.4245
-18.1214
-18.1397
-18.1371
-18.5095
-18.697
-18.5097
-18.4659
-18.4294
-18.6026
-18.8114
-18.4894
-18.7777
-18.3659
-18.2665
-18.6665
-18.5873
-18.6333
-18.4936
-18.7034
-18.9872
-18.8964
-18.9146
-19.0031
-19.0335
-18.7478
-19.1202
-18.756
-18.9424
-19.1488
-18.6943
-18.9706
-18.9462
-19.0324
-18.985
-19.0477
-18.8418
-18.8808
-18.9125
-19.028
-19.0271
-18.9001
-19.0287
-19.1116
-18.9045
-18.9877
-18.7764
-19.2465
-18.612
-19.4669
-19.4257
-18.9698
-19.3348
-19.3965
-19.241
-18.8689
-19.3519
-19.6225
-19.3329
-19.137
-18.9963
-19.6501
-19.5511
-19.7773
-19.8396
-19.6079
-19.6704
-19.652
-19.9218
-19.7177
-20.15
-20.0798
-20.0658
-20.201
-20.2468
-20.5519
-20.2721
-20.3593
-20.2956
-20.1936
-19.8758
-20.3234
-19.9943
-20.1263
-20.3605
-20.2639
-20.3679
-20.5544
-20.6564
-20.6168
-21.1649
-20.7046
-20.6849
-20.876
-21.0865
-21.0571
-21.2384
-21.2404
-21.1265
-21.1176
-21.6792
-21.468
-21.3105
-21.0829
-20.5361
-21.0018
-20.9908
-21.3466
-20.8074
-21.3575
-20.8887
-21.0902
-20.9819
-20.5207
-20.7578
-20.461
-20.5637
-21.0569
-20.6594
-20.8342
-20.8073
-20.8497
-20.6463
-20.7842
-20.8757
-20.2621
-20.4152
-20.5114
-20.4379
-20.9579
-20.7582
-21.0314
-20.5319
-20.8662
-20.8523
-20.4258
-20.4801
-20.1925
-20.2022
-20.3752
-20.2417
-20.2004
-20.378
-20.0042
-20.1864
-20.123
-20.4153
-20.1955
-19.7958
-20.1221
-19.9953
-20.1458
-20.1925
-20.1267
-20.0908
-20.2684
-20.1369
-20.0305
-19.9867
-20.2253
-19.7099
-19.9487
-20.3714
-20.2132
-20.3836
-20.0274
-20.2347
-19.8597
-20.0765
-20.1603
-19.6724
-19.7978
-19.7772
-19.903
-20.3045
-20.3615
-20.2649
-20.0047
-20.6567
-20.2023
-20.5175
-20.4562
-20.1721
-20.912
-20.5887
-21.1671
-20.9943
-20.8515
-20.8883
-20.6753
-20.9556
-20.7124
-20.7728
-22.1172
-18.99
-18.8546
-19.1458
-19.0636
-18.5138
-18.2716
-18.2642
-17.9343
-17.7459
-17.8146
-17.9554
-18.095
-17.9114
-17.9488
-18.0788
-17.8464
-17.9064
-18.071
-17.9877
-17.8936
-17.402
-17.7729
-17.6227
-17.4554
-17.5042
-17.6822
-17.4116
-17.0614
-17.3843
-17.1246
-17.2004
-16.9758
-17.0575
-16.9735
-16.9652
-17.0109
-16.91
-16.793
-16.5422
-16.6899
-16.3546
-16.4769
-16.5657
-16.2311
-16.3468
-16.3956
-16.6718
-16.7601
-17.1256
-16.7799
-16.7327
-16.8982
-16.8381
-16.927
-16.7064
-16.6217
-16.7208
-17.0749
-17.0459
-17.0644
-17.1874
-17.167
-17.367
-17.8589
-17.4922
-17.1957
-17.2553
-17.3896
-17.4645
-17.5605
-17.3197
-17.3212
-17.4212
-17.4841
-17.5872
-17.8347
-17.4831
-17.4256
-17.4687
-17.3673
-17.5846
-17.6896
-17.9446
-17.3301
-17.6709
-17.97
-17.5458
-17.828
-17.633
-17.5244
-17.4874
-17.7302
-18.1525
-17.7314
-17.5993
-17.6331
-18.0177
-17.6354
-17.9773
-17.7162
-17.1764
-17.5711
-17.4672
-17.8492
-17.6756
-17.8305
-17.9928
-17.3144
-18.1634
-17.6915
-17.5964
-17.3763
-17.4769
-17.4906
-17.6961
-17.6669
-17.4964
-17.2445
-17.6545
-17.9752
-17.8947
-17.8037
-17.8544
-18.1357
-17.9958
-18.0003
-18.4056
-18.2309
-18.5016
-18.2412
-18.4928
-18.3994
-18.2621
-18.2593
-17.9994
-18.118
-18.4388
-18.6322
-18.0649
-18.0176
-18.2629
-18.1956
-18.0345
-18.5991
-18.1115
-18.1232
-18.2489
-18.2938
-18.4388
-18.4221
-18.3064
-18.7847
-18.5033
-18.4847
-17.9898
-18.3954
-18.5505
-18.2218
-18.323
-18.4039
-18.7324
-18.4097
-18.5663
-18.735
-18.9656
-18.8742
-18.7818
-18.4706
-18.5006
-18.6396
-18.9692
-18.4367
-18.5641
-18.3041
-18.1355
-18.5483
-18.4188
-18.356
-18.3556
-18.1319
-18.1386
-18.3312
-18.8335
-18.3146
-18.4335
-18.1841
-18.6313
-18.1251
-18.408
-18.193
-18.3603
-18.342
-18.5527
-18.3552
-18.2245
-18.1264
-18.2594
-18.3326
-18.1801
-18.3987
-17.8826
-18.0606
-17.6347
-17.9515
-18.0372
-18.1835
-17.7976
-17.8372
-17.802
-18.2312
-17.5529
-17.6973
-17.7078
-17.7382
-17.572
-17.9752
-17.7595
-17.6216
-17.756
-17.2895
-17.6341
-17.3182
-17.1158
-17.569
-17.3904
-17.2654
-17.731
-17.7058
-17.625
-17.4081
-17.6985
-17.937
-17.3024
-17.7566
-17.8982
-17.3443
-17.8184
-17.726
-17.6154
-17.7445
-17.3304
-17.1994
-17.4548
-17.5953
-17.498
-17.4738
-17.6502
-17.1892
-17.2251
-17.3441
-17.3552
-17.1233
-17.1522
-17.5489
-17.2852
-17.1573
-17.2206
-17.1226
-16.9585
-17.3067
-16.936
-17.1106
-17.0936
-16.7625
-16.6914
-17.133
-17.324
-16.8785
-17.1179
-16.7152
-16.715
-17.0698
-16.9736
-16.915
-17.0109
-16.6529
-16.8604
-16.9602
-16.9587
-16.7312
-16.939
-16.8599
-17.0514
-16.8562
-16.474
-16.2218
-16.5167
-16.7234
-16.9533
-16.9713
-16.838
-16.6671
-16.3862
-16.4794
-17.0133
-17.1338
-16.7044
-17.2883
-16.9501
-17.305
-17.2829
-17.0787
-17.1558
-16.9478
-17.1279
-17.1721
-17.2891
-17.6289
-17.4527
-17.2469
-17.3651
-17.4848
-17.4359
-17.1473
-17.0085
-17.1709
-17.2057
-17.4748
-17.5092
-17.105
-17.1009
-17.2528
-17.0518
-16.7959
-16.8823
-16.6345
-17.1519
-16.9811
-17.2077
-17.2573
-16.8223
-17.124
-17.4813
-17.1669
-16.8361
-16.5376
-16.7759
-16.6656
-16.8954
-16.5592
-16.7451
-16.8716
-16.8837
-16.7486
-16.9081
-17.0394
-16.6521
-16.5448
-16.9401
-17.0254
-16.7406
-16.6714
-16.9295
-16.6522
-16.7042
-17.0212
-17.1314
-17.0114
-16.9721
-16.8586
-17.2746
-17.1964
-17.3206
-17.3877
-17.0502
-17.264
-17.1655
-17.1714
-17.19
-17.1729
-16.8677
-16.9331
-17.0636
-17.0367
-16.9875
-17.1309
-17.1295
-17.1518
-17.2744
-16.9872
-17.171
-16.9299
-17.2023
-17.4755
-17.4979
-17.3708
-17.4781
-17.259
-17.2807
-17.4826
-17.4482
-17.5755
-17.1628
-17.4917
-17.5249
-17.6773
-17.6493
-17.6206
-17.6158
-17.7773
-17.603
-17.9458
-17.6649
-17.9924
-17.8739
-17.6431
-17.836
-18.3285
-17.7171
-18.2584
-17.9574
-18.1948
-18.0377
-17.9331
-17.9875
-17.7505
-18.0593
-17.8816
-18.4732
-18.573
-18.4104
-18.8201
-18.9369
-18.9696
-18.731
-18.7395
-18.8646
-18.3393
-19.0771
-18.8768
-18.7696
-20.7592
-18.9974
-18.3622
-18.9417
-18.8071
-18.8364
-17.9729
-18.299
-18.2262
-18.4666
-17.9509
-18.0092
-18.246
-18.0401
-17.8973
-17.8154
-17.721
-17.6161
-17.6452
-17.8923
-17.776
-17.5189
-17.666
-17.4756
-17.6123
-17.2599
-18.0806
-17.2011
-17.4913
-17.492
-17.6669
-17.4198
-17.374
-17.6219
-17.676
-17.7489
-17.7813
-17.8041
-17.639
-17.5432
-17.5043
-17.4009
-17.655
-17.6587
-17.5193
-17.5464
-17.667
-17.5016
-17.3404
-17.1827
-17.3364
-17.5997
-17.5639
-17.4312
-17.7765
-17.8551
-17.918
-17.7879
-17.7923
-17.6895
-17.8253
-17.7554
-17.4819
-17.6497
-17.7624
-17.959
-17.6621
-17.7065
-17.4556
-17.7488
-17.8061
-17.684
-17.5446
-17.3782
-17.8376
-17.1492
-17.3462
-17.3881
-17.5552
-17.0219
-17.1454
-17.113
-17.2869
-16.6846
-17.1203
-17.0083
-17.2533
-16.9949
-17.2764
-16.7043
-16.9012
-17.0143
-17.7193
-16.9028
-16.4412
-16.8816
-16.7368
-16.7949
-16.9931
-16.9639
-16.8088
-16.8472
-16.8767
-17.0408
-17.0269
-16.6473
-17.1039
-16.7885
-16.8628
-17.1996
-17.4888
-17.0635
-17.0744
-17.127
-17.0717
-17.2665
-17.3396
-17.0711
-16.9317
-16.9864
-17.2943
-17.5069
-17.1174
-17.0489
-17.0102
-17.3735
-17.1644
-17.2246
-17.1597
-17.105
-16.9783
-17.3341
-17.282
-17.2066
-16.8968
-17.1575
-17.4401
-17.6964
-17.2403
-17.257
-16.8277
-17.3416
-16.9703
-17.2994
-17.545
-17.1982
-17.4534
-17.775
-17.2957
-17.3667
-17.302
-17.1911
-17.281
-17.2412
-17.3677
-17.3169
-16.9951
-17.9108
-17.7321
-17.7238
-18.064
-17.7181
-17.9755
-18.0211
-18.0882
-17.9613
-17.7253
-17.5339
-17.6833
-17.4902
-17.7696
-17.7184
-17.2569
-17.3783
-17.7537
-17.2618
-17.7554
-17.8453
-17.7946
-17.7531
-18.1397
-18.4728
-18.3857
-18.4578
-18.1961
-17.9309
-17.6713
-17.8263
-17.5892
-17.1243
-16.8781
-16.5173
-16.6677
-16.6728
-16.636
-16.3627
-16.7053
-16.3519
-16.5156
-16.5259
-16.6256
-16.5972
-16.5402
-16.4463
-16.3966
-16.4485
-16.2866
-16.4367
-16.5038
-16.727
-16.7172
-16.5633
-16.5367
-16.8157
-16.7894
-16.513
-16.7965
-16.5293
-16.6821
-16.7705
-16.7071
-16.9462
-16.7394
-16.8023
-17.1475
-16.9158
-17.0631
-17.0042
-16.9406
-17.1973
-16.8862
-16.9269
-17.1242
-17.4019
-17.4175
-17.1639
-17.4244
-17.4003
-17.6602
-17.5848
-17.5948
-17.1445
-17.4511
-17.5929
-17.753
-17.758
-17.5374
-17.5028
-17.4612
-17.4687
-17.7473
-17.4057
-17.2713
-17.3841
-17.5865
-17.6612
-18.0012
-17.4748
-17.7594
-17.2814
-17.5339
-17.618
-17.5375
-17.5756
-17.5694
-17.3836
-17.5728
-17.2633
-17.794
-17.503
-17.9108
-17.8046
-17.8383
-18.0715
-18.0554
-17.9972
-17.7966
-17.9614
-18.1053
-18.2761
-17.6548
-18.1519
-18.0362
-17.8649
-18.0437
-18.0408
-17.9139
-17.8936
-17.9169
-18.0914
-18.0423
-17.9296
-17.8036
-18.0354
-17.9147
-18.0514
-17.6751
-17.6686
-17.921
-17.8179
-17.9976
-17.6096
-17.5953
-17.4602
-17.9659
-17.8692
-17.747
-17.6061
-17.3045
-17.6968
-17.5118
-17.9768
-18.1904
-17.8742
-17.9659
-18.2626
-18.1588
-18.2453
-17.9096
-18.0293
-17.4597
-17.7201
-17.8754
-17.8883
-17.8545
-17.6926
-17.6151
-17.86
-17.6572
-17.9358
-17.7704
-17.7165
-17.8407
-17.8476
-17.7782
-17.8087
-17.6994
-17.1175
-17.3119
-17.7213
-17.535
-16.917
-17.3491
-17.5433
-17.4434
-17.3229
-17.4871
-17.3537
-17.7326
-17.7054
-17.6287
-17.7174
-17.2049
-17.1889
-17.279
-17.3985
-17.2888
-17.338
-17.1197
-16.982
-16.8583
-17.1739
-17.1983
-17.0493
-16.8943
-16.7936
-16.9387
-16.7295
-16.9302
-17.0125
-16.7488
-16.6552
-16.3523
-16.8675
-16.582
-16.7722
-16.5302
-16.6462
-16.6285
-16.6194
-16.8322
-16.8194
-16.5981
-16.7423
-16.7525
-16.5683
-16.545
-16.8716
-16.7352
-16.7544
-16.361
-16.6514
-16.5272
-16.3656
-16.3119
-16.5333
-16.5352
-16.1197
-15.8799
-16.0541
-15.8958
-16.3062
-16.2416
-16.228
-16.1519
-15.912
-16.406
-16.3064
-16.3673
-16.5454
-16.3127
-16.5497
-16.5401
-16.5961
-16.8483
-17.1581
-16.4963
-16.9068
-16.5141
-16.6063
-16.7229
-16.477
-16.6883
-16.6283
-16.6025
-16.4119
-16.5257
-16.8502
-16.7576
-17.127
-16.6106
-16.7166
-18.0694
-15.3572
-15.1829
-15.2725
-15.0066
-14.894
-14.7266
-14.7934
-14.652
-14.4812
-14.6577
-14.7984
-14.5633
-14.5031
-14.526
-14.7485
-14.7987
-15.0017
-15.2142
-14.985
-15.0456
-14.8224
-14.6947
-14.9554
-15.2789
-14.9727
-15.196
-14.6861
-14.4899
-14.7444
-14.5883
-14.6546
-14.601
-14.8725
-14.8118
-14.6913
-15.1377
-15.178
-14.9254
-14.9782
-15.1422
-15.1716
-15.2609
-15.1266
-15.0285
-15.1564
-15.0288
-14.9905
-15.3514
-15.0699
-15.066
-14.8949
-15.1278
-14.8517
-14.9028
-14.8844
-14.8417
-15.0149
-15.177
-15.0826
-14.9326
-14.8289
-15.0698
-15.0094
-15.2211
-15.3626
-15.0694
-15.1107
-15.4767
-15.5633
-15.6155
-15.6699
-15.7231
-15.747
-15.9264
-16.1743
-15.9437
-16.1717
-16.0238
-16.1197
-16.1553
-16.345
-16.0941
-16.1041
-16.442
-16.3795
-16.5965
-16.8818
-16.3868
-16.2968
-16.7238
-16.6698
-16.1698
-16.6007
-16.4667
-16.4875
-16.6653
-16.7096
-16.7085
-16.7864
-16.5636
-16.5552
-16.4184
-16.6073
-16.4857
-16.2314
-16.5047
-16.2261
-16.503
-16.2471
-16.253
-16.3747
-16.5216
-16.6212
-16.4904
-16.6944
-16.6609
-16.2933
-16.5704
-16.5981
-16.3257
-16.3089
-16.3369
-16.6738
-16.7769
-17.0893
-17.1552
-16.9158
-16.8012
-16.9689
-17.1051
-16.967
-16.8511
-16.7119
-16.9961
-16.7137
-16.9774
-16.7918
-16.9205
-16.7677
-16.8379
-17.0603
-16.7364
-17.1764
-16.9321
-16.7646
-17.2435
-17.3577
-17.4075
-17.2394
-17.3452
-16.6991
-17.4438
-17.1353
-17.4153
-17.3448
-16.9965
-17.2096
-16.7694
-16.9949
-16.6576
-16.7591
-16.5368
-16.7177
-16.5082
-16.4597
-16.1605
-16.3207
-16.228
-16.5996
-16.6407
-16.5665
-16.3006
-16.4929
-16.156
-16.413
-16.4218
-16.4581
-16.498
-15.809
-16.0795
-16.0476
-15.8368
-15.664
-15.7846
-15.8185
-16.1726
-16.2119
-16.2293
-16.1316
-16.3247
-16.1826
-15.8633
-15.8293
-16.148
-15.5019
-15.5885
-15.6832
-15.5741
-15.8264
-15.6871
-15.642
-15.4768
-15.9005
-15.6745
-15.6917
-15.2791
-15.1766
-15.3411
-15.4427
-15.4361
-15.1108
-15.032
-15.0374
-15.2249
-15.3616
-15.216
-15.0727
-15.0258
-15.1213
-14.8405
-15.1272
-15.0061
-14.9361
-14.9908
-15.0831
-15.2852
-15.1277
-15.4256
-14.6771
-14.9314
-15.0645
-15.0619
-14.9585
-14.9507
-15.0086
-15.0728
-15.1308
-15.2185
-14.5791
-14.6537
-14.8627
-14.8553
-15.0465
-14.8986
-14.926
-14.9338
-14.9795
-15.0264
-15.4631
-15.0752
-15.1594
-14.8632
-15.0343
-15.1684
-14.8466
-15.3574
-15.3719
-15.4702
-15.7139
-15.6315
-15.9213
-15.8353
-15.6478
-15.6421
-15.532
-15.531
-15.6846
-15.6495
-15.1994
-15.798
-15.4789
-15.485
-15.2285
-15.2852
-15.1786
-15.4979
-15.5418
-15.1063
-15.5703
-15.1486
-15.1193
-15.3958
-15.5749
-15.7538
-15.4392
-15.2501
-15.1845
-15.4295
-15.258
-14.8704
-15.4275
-15.0036
-15.2714
-15.2118
-15.331
-15.3871
-15.3488
-15.1865
-15.4455
-15.5256
-15.4157
-15.4448
-15.4842
-15.5886
-15.6596
-15.5747
-15.3399
-15.6517
-15.7356
-15.5467
-15.7935
-15.4872
-15.6031
-15.4519
-15.6733
-15.8433
-15.7783
-15.7609
-15.9071
-16.037
-16.2795
-16.1354
-15.9263
-16.2186
-16.1611
-16.1637
-16.4831
-16.5448
-16.2204
-16.6495
-16.695
-16.9656
-16.3839
-16.4232
-16.5127
-16.211
-16.4647
-16.1454
-16.1898
-16.3594
-16.2187
-16.4601
-16.575
-16.8206
-16.3488
-16.4594
-16.7433
-16.4324
-16.5114
-17.0086
-16.7571
-16.9695
-16.7512
-16.9641
-17.3456
-17.4276
-16.8126
-17.1119
-17.231
-17.4494
-17.3829
-17.2847
-16.8737
-16.9353
-17.1404
-17.524
-17.3527
-17.2847
-17.2796
-16.9802
-16.95
-17.5373
-17.3952
-17.3122
-17.2612
-17.1416
-17.2935
-17.0854
-17.0323
-17.202
-16.89
-16.7721
-16.8936
-17.0163
-16.6037
-16.5276
-16.3939
-16.7923
-16.7509
-16.698
-16.7657
-16.769
-16.6146
-16.9457
-17.4385
-17.2098
-17.061
-16.7738
-16.7257
-16.7966
-16.8522
-16.7772
-16.5174
-16.6382
-16.8345
-16.8102
-16.5953
-16.7587
-16.1481
-16.348
-16.4228
-16.5731
-16.5633
-16.4337
-16.5136
-16.3367
-16.6799
-16.416
-16.7219
-16.7058
-16.4467
-16.6955
-16.4552
-16.2209
-16.3812
-16.1645
-16.0801
-16.1025
-16.7503
-16.4307
-16.3474
-18.3881
-19.1477
-16.3624
-16.7423
-17.2236
-17.2224
-16.9469
-17.3091
-17.0482
-16.9327
-16.9947
-16.7854
-16.933
-16.9245
-16.9611
-16.5737
-16.5868
-16.6792
-16.8904
-16.6145
-16.5521
-16.4273
-16.464
-16.3444
-16.7629
-16.774
-16.9147
-16.7831
-16.4223
-16.7196
-16.8612
-16.498
-16.6974
-16.5602
-16.6695
-16.9301
-16.8145
-16.481
-16.8372
-16.3951
-16.4884
-16.5198
-16.8023
-16.6139
-16.7667
-16.9434
-16.8293
-16.6113
-16.5664
-16.3468
-16.3303
-16.7022
-16.8524
-16.7303
-16.7132
-16.3816
-16.5686
-16.5714
-16.7038
-16.6983
-16.6676
-16.8459
-16.7596
-17.1731
-17.2048
-17.1429
-16.9218
-17.0138
-17.0244
-17.2769
-17.119
-16.7585
-16.4946
-16.6168
-16.6815
-16.5818
-16.7036
-16.3524
-16.6077
-16.6846
-16.7784
-16.9312
-16.5678
-16.3339
-16.6783
-16.6907
-16.6837
-16.7938
-16.8436
-16.4746
-16.6626
-16.9115
-16.8158
-16.7382
-16.8522
-16.4573
-16.5697
-16.5885
-16.6711
-16.6257
-16.4974
-16.4173
-17.2476
-17.0514
-17.2234
-16.8274
-16.5642
-16.5883
-17.056
-17.0923
-16.7869
-16.6395
-17.1123
-17.0943
-17.2589
-17.1113
-17.1922
-17.063
-17.166
-17.5257
-17.6898
-17.5798
-17.6324
-17.4598
-17.6002
-17.3739
-17.5447
-17.5988
-17.461
-17.5554
-17.5874
-17.8659
-18.2336
-17.7161
-17.7486
-18.0106
-17.95
-17.7945
-17.7175
-17.7898
-17.6495
-17.9588
-18.2933
-18.2666
-18.2996
-18.3782
-18.0236
-18.2252
-18.3399
-18.2402
-18.0765
-17.9116
-18.0739
-18.0195
-18.1485
-18.0877
-17.8506
-18.0882
-17.9125
-18.3764
-18.17
-17.9887
-17.8323
-17.7824
-17.8627
-17.784
-17.6588
-17.7882
-17.3902
-17.5688
-17.7049
-17.7774
-17.6969
-17.4408
-17.5782
-17.7975
-17.6509
-17.9608
-17.8439
-17.6361
-17.7979
-17.6515
-17.7113
-17.7928
-17.5482
-17.9028
-17.7015
-18.3122
-17.9364
-17.968
-17.7608
-17.7602
-17.8598
-17.9808
-17.8573
-17.8094
-17.9253
-18.2546
-18.5723
-18.6297
-18.1642
-18.4029
-18.0074
-18.064
-18.0788
-18.0386
-17.7479
-17.8303
-18.1222
-18.203
-18.5137
-18.3068
-18.3977
-18.1751
-18.3346
-18.2334
-18.2256
-18.2549
-17.8945
-17.6697
-17.598
-17.7005
-17.6751
-17.8419
-18.2858
-17.8304
-18.2096
-17.8174
-18.0757
-17.6503
-17.6476
-17.7328
-17.8259
-17.5404
-17.4486
-17.2195
-17.3465
-17.2589
-17.3264
-16.9462
-17.5321
-17.2951
-17.4217
-17.4621
-17.1789
-17.1894
-17.1979
-17.2593
-17.2341
-17.2939
-17.2982
-16.9713
-17.2423
-17.7161
-18.0725
-18.213
-17.8838
-17.5489
-17.6642
-17.4763
-17.4998
-17.3273
-16.999
-17.2164
-17.0404
-17.4602
-17.4408
-17.2717
-17.5307
-16.9774
-17.4916
-17.1173
-17.3707
-16.9243
-16.978
-17.0314
-17.4609
-17.5027
-17.049
-17.304
-17.2786
-17.1093
-17.3844
-17.2733
-17.3301
-17.4362
-17.5425
-17.2971
-17.5177
-17.8757
-17.0757
-17.448
-17.2664
-17.476
-17.1849
-16.9649
-16.9017
-16.994
-16.9768
-17.0049
-17.1811
-17.1065
-17.0864
-17.1016
-17.01
-17.0991
-16.4604
-16.5998
-16.7921
-16.6072
-16.627
-17.1358
-16.9627
-17.0628
-17.1743
-17.2205
-17.4858
-17.0176
-17.2451
-17.0095
-17.6878
-17.5551
-17.4616
-17.7916
-17.4432
-17.5628
-17.0893
-17.0526
-16.8601
-17.0377
-16.9379
-16.9119
-16.9096
-17.1688
-16.7848
-17.1499
-16.9938
-17.1295
-17.1639
-17.1583
-17.0599
-16.8855
-16.6871
-16.7019
-16.9226
-16.8029
-16.5714
-16.4864
-16.5537
-16.9807
-16.999
-17.1573
-16.8528
-16.9352
-17.0523
-17.1147
-17.3476
-17.3703
-17.1179
-17.249
-17.3934
-17.2792
-17.1531
-16.9444
-17.0045
-16.8349
-16.8178
-16.7109
-16.6924
-16.6987
-16.5882
-16.6972
-17.1821
-17.0057
-16.722
-16.8586
-17.0062
-17.0754
-17.254
-17.2337
-17.2738
-17.2359
-17.2119
-17.353
-17.0574
-16.976
-17.3483
-17.2627
-17.57
-17.5253
-17.8166
-17.7916
-17.6752
-17.7315
-18.1295
-17.82
-17.9471
-18.0036
-17.8878
-18.0735
-18.5313
-18.6461
-18.7261
-18.6686
-18.642
-18.5855
-18.7801
-18.4929
-18.1818
-18.2393
-18.5349
-18.5035
-18.8848
-18.6621
-18.9638
-18.6688
-18.9247
-18.9341
-18.7845
-18.5584
-19.053
-18.6093
-19.3938
-19.3287
-19.5113
-19.3964
-19.4244
-19.2285
-19.6601
-19.848
-19.7317
-19.7842
-21.5479
-18.1844
-18.0255
-17.9295
-17.8151
-17.4823
-17.3828
-17.7466
-17.5273
-17.7742
-17.4131
-17.1103
-17.8422
-17.1413
-17.3763
-16.9813
-16.9914
-16.7991
-16.5241
-16.6716
-16.3056
-16.5003
-16.3749
-16.4813
-16.4008
-16.4323
-16.3781
-16.0399
-16.2313
-16.3054
-16.1621
-16.3476
-16.4609
-16.6129
-16.6562
-16.6508
-16.2162
-16.2933
-16.3485
-16.756
-16.8645
-16.6819
-16.7362
-16.669
-16.8684
-16.6117
-17.028
-17.1308
-16.9179
-16.9171
-16.6734
-16.8764
-16.9079
-16.4348
-16.3873
-16.503
-16.0614
-16.3593
-16.4276
-15.8711
-16.0368
-16.2925
-16.3236
-16.2859
-16.244
-16.1465
-16.301
-16.3104
-16.3866
-16.5517
-16.1056
-16.0686
-16.183
-15.8859
-16.3349
-16.3074
-16.3044
-16.2995
-16.144
-16.0835
-16.0804
-16.1887
-16.0011
-15.9788
-16.455
-16.4709
-16.2144
-16.1737
-15.9362
-15.8143
-16.1784
-15.9526
-15.8163
-15.6522
-15.7864
-15.5098
-15.5853
-15.5472
-15.181
-15.295
-15.0827
-15.2535
-15.1392
-15.3731
-15.3803
-15.4255
-15.5243
-15.644
-15.38
-15.5775
-15.026
-15.4323
-15.1697
-15.3418
-15.2894
-15.3046
-15.3631
-15.1483
-15.3963
-15.4348
-15.7362
-15.181
-15.1715
-15.1937
-15.4228
-15.674
-15.4053
-15.6704
-15.7626
-15.569
-15.5673
-15.5749
-15.3068
-15.3418
-15.4705
-15.3115
-15.4751
-15.1649
-15.2812
-15.5248
-15.1304
-15.5259
-15.3914
-15.1176
-15.0102
-15.3807
-15.3792
-15.3933
-15.6461
-15.1085
-15.362
-15.4773
-15.2206
-15.3443
-15.3325
-15.1475
-15.1249
-15.5073
-15.4798
-15.5983
-15.4931
-15.5241
-15.5467
-15.8506
-15.731
-15.5834
-15.411
-15.7761
-15.6936
-15.4983
-15.9468
-16.0074
-15.3717
-15.6589
-15.4285
-15.7442
-16.04
-15.953
-15.4383
-15.3788
-16.0135
-15.52
-15.6285
-15.5289
-15.6658
-15.6226
-15.7943
-15.3904
-15.5844
-15.3635
-15.3934
-15.4924
-15.8363
-15.6513
-15.9036
-15.4677
-16.1045
-15.6892
-15.8218
-15.6082
-15.6178
-15.6532
-15.7489
-15.7148
-15.6082
-16.0137
-15.8977
-15.7836
-16.6583
-16.0215
-16.1485
-16.2706
-16.2788
-16.1055
-16.5043
-16.667
-16.3976
-16.377
-16.3716
-16.6754
-16.2149
-16.658
-16.3247
-16.4966
-16.4711
-16.397
-16.422
-16.5342
-16.5158
-16.2466
-16.8297
-16.6175
-16.4165
-16.6428
-16.5041
-16.6057
-16.6169
-16.9394
-16.8273
-16.4735
-16.6333
-16.3893
-16.6882
-16.8704
-16.3387
-16.5263
-16.0932
-16.6065
-16.4269
-16.828
-16.4675
-16.4687
-16.7552
-17.0632
-16.7554
-16.5624
-16.9795
-16.8507
-16.8811
-17.0226
-16.837
-16.3931
-16.4694
-16.7534
-16.6027
-16.478
-16.2132
-16.6032
-16.3129
-16.4403
-16.6787
-16.837
-17.1034
-16.9478
-17.2179
-17.3883
-17.5682
-17.2814
-17.0056
-17.4021
-17.0548
-17.4618
-17.51
-17.3384
-17.3684
-17.4884
-17.2266
-17.4818
-17.8852
-17.5236
-17.521
-17.514
-17.8446
-17.8218
-17.8704
-17.9926
-17.8786
-17.673
-18.0699
-17.9475
-17.9475
-17.9316
-17.8613
-18.4293
-18.2048
-18.6035
-17.8459
-18.1261
-18.0071
-18.343
-18.0194
-18.0093
-18.0117
-17.75
-17.5363
-17.9455
-17.7902
-17.2869
-17.1742
-17.0553
-17.1831
-17.4399
-16.9422
-16.9284
-16.9591
-17.0473
-16.996
-17.0191
-16.9412
-16.8528
-16.9922
-16.8057
-17.2226
-16.8134
-16.8001
-16.8201
-16.7949
-17.0441
-17.228
-16.9242
-17.2623
-16.7127
-16.5059
-16.6742
-16.7171
-16.2496
-16.806
-16.3851
-16.3257
-16.4652
-16.5652
-16.6373
-16.0957
-16.1189
-16.1867
-16.6126
-16.7686
-16.3291
-15.8772
-16.1129
-16.3444
-16.2918
-16.133
-15.884
-16.113
-15.9138
-16.2269
-16.3483
-15.7563
-15.7497
-15.9145
-15.8327
-16.0597
-15.8589
-15.763
-15.7808
-16.1301
-15.8633
-16.2062
-15.9487
-16.1071
-15.9466
-16.3905
-16.3477
-16.3539
-16.3188
-16.1623
-16.2686
-16.3983
-16.2867
-16.274
-16.044
-16.1081
-15.9395
-16.3545
-15.9876
-16.2208
-15.9269
-15.8525
-16.1047
-16.0353
-16.1469
-15.7684
-15.8011
-16.0071
-15.989
-16.1999
-16.0197
-16.0881
-16.2756
-16.1381
-16.5076
-16.3081
-16.401
-16.3095
-16.1749
-16.5271
-16.4469
-16.2068
-16.4709
-16.3278
-16.5047
-16.6659
-16.8379
-16.5209
-16.5886
-16.7125
-16.7309
-16.7957
-16.9355
-16.7408
-16.6601
-18.9795
-17.4577
-17.4782
-17.0931
-17.2797
-17.152
-16.9134
-16.98
-17.0524
-16.9187
-16.8619
-16.8472
-16.9551
-17.0066
-16.6652
-16.6112
-16.9556
-17.1337
-16.8998
-17.0245
-17.134
-17.1787
-16.9443
-17.3957
-16.8165
-17.1342
-17.1668
-16.9772
-17.1628
-17.3959
-17.2869
-17.3465
-17.6226
-17.2663
-17.2475
-17.491
-17.5896
-17.5852
-17.8768
-18.1416
-18.3393
-18.205
-17.9702
-18.2614
-18.2945
-18.0559
-18.4449
-18.2936
-18.049
-18.2867
-18.5383
-18.4457
-18.7401
-18.5634
-18.1666
-18.7457
-18.4762
-18.7857
-18.4628
-18.418
-19.0262
-18.7496
-18.8062
-19.1274
-18.7755
-18.6457
-18.5512
-18.5957
-18.8499
-18.6669
-18.3596
-18.6643
-18.9068
-18.6395
-18.7004
-18.8271
-18.9582
-18.7663
-19.0671
-18.8656
-19.3277
-19.0123
-19.0358
-19.0158
-19.5517
-19.3108
-19.3575
-19.1506
-19.3409
-19.5828
-19.8669
-19.3138
-19.214
-19.523
-19.3262
-19.2822
-19.7231
-19.974
-19.939
-19.5148
-19.8282
-19.8547
-19.9144
-19.4046
-19.6022
-19.6214
-19.8258
-19.8367
-19.8374
-19.8351
-19.5656
-19.6861
-20.0694
-20.164
-20.03
-19.878
-20.1186
-20.2694
-19.8503
-19.989
-20.212
-19.6905
-20.0773
-19.8382
-19.8235
-19.7645
-19.5713
-19.407
-19.2948
-19.5071
-19.8051
-19.7252
-19.8382
-19.1776
-19.6803
-19.5854
-19.2942
-19.3792
-19.3203
-19.1433
-19.3245
-19.3812
-19.5928
-19.3006
-19.2529
-19.4606
-19.0385
-19.377
-19.1025
-19.2787
-19.021
-19.2557
-19.8405
-19.7118
-19.4674
-19.1353
-19.2193
-19.4078
-19.381
-19.1004
-19.3609
-19.2602
-19.1832
-19.4789
-19.6174
-19.5286
-19.5227
-19.3742
-19.7707
-19.7112
-19.2223
-19.2485
-19.3405
-19.0956
-19.2201
-19.0944
-19.1205
-18.7799
-18.6996
-18.7987
-19.0181
-18.3763
-18.4418
-17.9309
-18.4388
-18.188
-18.5134
-18.3521
-18.5676
-18.2471
-18.3768
-18.2699
-18.4392
-18.012
-17.999
-17.7424
-18.2572
-18.4322
-18.1727
-18.3242
-18.2114
-18.0536
-18.707
-18.1204
-17.8629
-17.9667
-17.7856
-17.8283
-18.0592
-18.1819
-18.3174
-18.3101
-18.379
-18.0005
-18.4657
-18.2967
-17.6719
-17.7669
-17.6831
-17.7782
-17.6506
-17.8671
-17.7835
-17.9379
-17.8314
-18.007
-18.0403
-17.8345
-17.9507
-18.08
-17.9909
-18.1264
-18.3862
-17.7893
-17.6182
-18.0439
-17.9736
-17.9267
-17.6006
-17.4118
-17.5267
-17.9824
-18.1686
-18.1277
-17.9928
-17.7124
-17.8708
-18.4238
-18.2151
-17.8931
-17.5353
-17.7622
-17.9799
-18.1045
-18.0556
-17.7352
-18.028
-17.818
-17.9808
-17.9772
-17.6719
-17.893
-17.6505
-17.8502
-17.7151
-18.2883
-17.6249
-17.8265
-17.7695
-17.8675
-17.7663
-17.8062
-17.5686
-17.28
-17.7717
-17.4356
-17.9718
-17.9732
-17.805
-17.9139
-17.386
-17.9933
-18.2143
-17.7398
-17.8564
-17.6137
-18.3697
-17.6805
-18.0513
-17.9325
-17.4777
-17.7524
-17.9165
-17.7574
-17.8666
-18.146
-17.9295
-18.1207
-18.2577
-18.4055
-18.3564
-18.4402
-18.2811
-18.3213
-18.2578
-18.1032
-18.0637
-18.086
-18.5423
-18.8242
-18.6456
-18.602
-18.4482
-18.4402
-18.6043
-18.9387
-18.7463
-18.2841
-18.4372
-18.6921
-18.6967
-18.7561
-18.5906
-18.9037
-18.9008
-18.8371
-19.3957
-19.0704
-19.1165
-19.1507
-18.8214
-19.0103
-19.2968
-18.9795
-18.9666
-19.3262
-18.9228
-19.332
-18.9707
-19.0922
-18.6309
-19.1156
-18.8657
-18.9966
-19.2005
-19.3702
-19.3569
-19.0881
-19.3159
-19.1008
-19.0514
-18.9992
-18.7791
-19.3835
-19.4109
-19.5019
-19.315
-19.2563
-19.2929
-19.5552
-19.8564
-19.3633
-19.2158
-19.0696
-19.45
-19.5819
-19.4883
-19.5412
-19.8179
-19.6843
-20.1587
-19.6983
-19.9155
-19.6633
-19.5264
-19.3681
-20.0695
-20.0414
-20.054
-19.6861
-20.254
-20.2434
-20.3485
-20.2371
-19.7858
-19.8385
-19.8199
-20.2658
-20.3799
-20.1613
-20.108
-20.1651
-20.2473
-20.095
-20.1503
-20.1284
-19.7514
-19.6952
-20.158
-20.0451
-19.8579
-20.1203
-20.1591
-20.3557
-20.3732
-20.1714
-20.1454
-20.217
-20.1377
-20.0139
-20.1868
-20.1621
-20.1837
-20.2608
-20.1973
-20.174
-19.9555
-20.2796
-19.9093
-19.9955
-20.1815
-20.0507
-20.2955
-20.2616
-20.3719
-20.3127
-20.4653
-20.4939
-20.0968
-20.3362
-19.7451
-20.1053
-21.7338
-16.8232
-16.3501
-16.6883
-16.911
-16.3608
-16.2714
-15.9939
-15.8258
-15.6828
-15.8426
-15.9243
-16.1624
-15.6244
-15.5708
-15.7854
-15.6356
-15.6802
-15.6221
-15.5251
-15.5831
-15.5086
-15.3459
-15.8954
-15.7601
-15.3974
-15.6678
-15.6328
-15.7215
-15.8285
-15.5326
-15.5863
-15.5659
-15.5678
-16.0627
-15.6349
-15.6458
-15.5253
-15.3517
-15.7391
-15.6862
-15.1555
-15.1345
-15.3427
-15.5311
-15.7416
-15.3155
-15.665
-15.6432
-15.7537
-15.5565
-15.3581
-15.2168
-15.0902
-15.28
-15.4464
-15.6529
-15.6289
-15.4398
-15.6094
-15.4022
-15.4606
-15.3026
-15.3657
-15.2047
-15.2239
-14.9116
-15.1841
-15.2644
-15.0976
-15.0489
-15.2383
-15.3
-15.1342
-14.9344
-14.9128
-14.9111
-15.079
-15.1885
-14.9826
-14.7264
-14.9182
-14.8041
-15.0829
-15.1759
-15.1528
-15.1243
-15.2577
-15.2752
-15.0004
-15.6157
-15.3283
-15.4194
-15.5927
-15.436
-15.219
-15.4259
-15.3871
-15.3328
-14.9305
-15.0652
-15.0507
-15.2653
-14.7812
-14.9548
-15.0331
-15.1751
-15.0604
-14.5705
-14.8494
-14.4364
-14.7618
-14.8188
-14.6976
-14.814
-14.7743
-14.8732
-14.8444
-14.935
-14.9128
-15.0882
-14.8987
-14.996
-15.3218
-15.4193
-15.1726
-15.0769
-15.2879
-15.3914
-15.1149
-14.9595
-14.7663
-14.9381
-14.8009
-14.9789
-15.0222
-14.8726
-15.1309
-15.3254
-15.0614
-15.2832
-15.2894
-15.093
-15.0433
-15.0125
-15.1616
-15.1604
-14.9722
-15.4237
-15.0362
-15.374
-15.4232
-15.2015
-15.4201
-15.188
-15.1737
-15.6312
-15.2646
-15.3615
-15.6621
-15.7597
-15.6553
-15.4721
-15.7675
-15.7693
-15.504
-15.6545
-15.7599
-15.8811
-16.1038
-16.1157
-16.2906
-16.0283
-16.1828
-16.1701
-16.0701
-16.3769
-15.9929
-15.8962
-16.1147
-16.2343
-16.4363
-15.7591
-16.4892
-16.0703
-15.982
-15.7279
-16.1462
-15.3706
-15.7285
-16.0092
-15.9028
-16.3119
-16.4611
-16.331
-16.3489
-16.3842
-16.4026
-16.5957
-16.1978
-16.2738
-16.1042
-16.5279
-16.2223
-16.3923
-16.7306
-16.7314
-16.7623
-16.8489
-16.654
-16.7254
-16.7687
-16.6968
-16.7459
-16.856
-16.9663
-16.5405
-16.591
-16.4473
-16.5739
-16.2333
-16.4604
-16.5356
-16.5319
-16.9571
-16.7315
-16.8968
-16.5205
-16.5634
-16.7411
-16.4967
-16.6916
-16.5559
-16.4211
-16.4786
-16.7371
-16.5721
-16.6249
-16.4858
-16.3243
-16.5247
-16.3904
-16.1386
-15.9948
-15.8356
-15.9452
-16.1875
-16.2851
-16.4261
-16.5038
-16.4403
-16.5192
-16.4306
-16.2745
-16.4639
-15.5703
-15.8293
-15.7043
-15.825
-15.6069
-15.6224
-15.7155
-15.4898
-15.5483
-15.252
-15.3661
-15.0669
-15.2774
-15.3028
-15.5716
-15.6153
-15.5984
-15.7625
-15.6875
-15.651
-15.7527
-15.591
-15.5445
-15.438
-15.5613
-15.3972
-15.6527
-15.7365
-15.8843
-15.2242
-15.5512
-15.4203
-15.3046
-15.5503
-15.2668
-15.4125
-15.7269
-15.5021
-15.59
-15.395
-16.0029
-15.805
-15.4594
-15.8262
-15.5071
-15.4581
-15.5065
-15.8211
-15.8041
-15.8286
-15.8585
-15.5912
-15.83
-15.9027
-15.967
-15.7309
-15.5941
-15.4695
-15.3765
-15.7619
-15.6101
-15.5866
-15.531
-15.4926
-15.5674
-15.546
-15.711
-15.5876
-15.2439
-15.2946
-15.4823
-15.2705
-15.964
-15.6006
-15.3201
-15.8542
-15.9387
-15.6029
-15.601
-15.5569
-15.1928
-15.4246
-15.6566
-15.2157
-15.4163
-15.2301
-15.6657
-15.9201
-15.6733
-15.4047
-15.3198
-15.4679
-15.2815
-15.6935
-15.747
-15.9181
-15.6681
-15.441
-15.7177
-15.6889
-15.7369
-15.8265
-15.4686
-15.3487
-15.6258
-15.7642
-15.9983
-16.1303
-16.0805
-15.6678
-15.677
-15.8031
-15.3012
-15.6474
-15.3261
-15.6076
-15.5029
-15.5373
-15.2906
-15.4699
-15.4551
-15.3394
-15.2353
-15.4182
-15.1891
-15.3763
-15.5013
-15.4855
-15.6185
-15.7159
-15.6192
-15.3327
-15.3771
-15.5864
-15.2973
-15.5106
-14.8989
-15.627
-15.4899
-15.5182
-15.5417
-15.5609
-15.448
-15.5052
-15.5562
-15.5366
-15.5639
-15.5377
-15.5175
-15.7133
-15.3059
-15.5417
-15.4104
-15.7426
-15.3565
-15.7776
-15.631
-15.7085
-15.7549
-15.5614
-15.9457
-15.9454
-15.8122
-15.7874
-16.0082
-16.0507
-16.0251
-16.1339
-16.2628
-16.335
-16.4477
-16.8408
-16.6877
-16.7027
-16.9253
-16.6008
-16.9104
-18.7969
-15.643
-15.3461
-15.5282
-15.4798
-15.5383
-15.5914
-15.5081
-15.3446
-15.4287
-15.3755
-15.3227
-15.5769
-14.9864
-15.1651
-14.9002
-15.2494
-15.3374
-15.2889
-15.6453
-15.7159
-15.5988
-15.2882
-15.2857
-15.3095
-14.9466
-15.353
-14.9094
-14.981
-15.0273
-15.1303
-14.8674
-15.3496
-15.2741
-15.2565
-15.2695
-15.4547
-15.2989
-15.3103
-15.615
-15.4595
-15.4908
-15.6113
-15.3598
-15.852
-15.5985
-15.6638
-15.6772
-15.495
-15.8455
-15.6602
-15.7191
-15.8287
-14.929
-15.6819
-15.3634
-15.5746
-15.224
-15.0573
-15.2885
-15.1866
-15.2125
-15.2107
-15.301
-15.3284
-15.5987
-15.3132
-15.6779
-15.296
-15.2099
-15.3202
-15.3718
-15.3639
-15.1697
-15.5163
-15.3194
-15.1053
-15.2517
-15.7619
-15.1011
-15.1755
-14.8457
-14.7765
-14.9931
-15.0612
-15.0437
-14.9397
-14.5649
-14.705
-14.8557
-14.7324
-14.5726
-15.0185
-13.9528
-14.1915
-14.4504
-14.2334
-14.4129
-14.046
-14.1992
-14.3186
-14.2585
-14.2637
-14.1513
-14.1527
-14.4049
-14.5406
-14.5122
-14.4737
-14.321
-14.2427
-14.6095
-14.4425
-14.1317
-14.3101
-14.1538
-14.2591
-14.2501
-14.513
-14.416
-14.119
-14.4419
-14.2404
-14.2094
-14.4246
-14.5006
-14.0885
-14.4671
-14.2264
-14.3257
-14.4745
-14.2943
-14.0139
-13.9965
-14.269
-14.3136
-13.9779
-14.1758
-14.151
-14.061
-14.1072
-14.36
-14.0202
-13.823
-14.019
-13.9004
-14.2671
-14.1378
-14.0382
-13.8362
-13.8982
-14.0902
-14.3642
-14.2112
-14.0997
-14.2112
-13.9616
-14.4499
-14.1633
-14.0258
-13.9921
-13.9026
-14.1958
-14.1304
-14.2434
-13.9907
-14.2109
-14.1102
-14.4104
-14.5469
-14.3319
-14.2539
-13.9497
-14.4419
-14.1173
-14.1861
-14.2786
-13.9993
-14.1514
-14.2027
-14.2491
-14.1263
-13.8383
-14.1263
-14.1396
-14.1472
-14.0643
-14.1224
-13.8789
-13.9771
-13.9841
-14.0236
-13.7981
-13.6603
-13.7582
-13.765
-13.9788
-14.0615
-13.914
-13.8637
-14.2095
-14.3199
-14.3908
-14.3666
-14.2234
-14.5677
-14.7406
-14.9835
-14.9214
-14.6811
-14.9424
-14.5749
-14.6625
-14.7938
-14.7837
-14.5292
-14.7905
-14.5482
-14.6461
-14.7534
-14.8271
-14.8693
-14.587
-14.6148
-14.6133
-14.9365
-14.7361
-14.7363
-14.6649
-14.7493
-14.8356
-15.0722
-14.7606
-14.5758
-14.7468
-14.7326
-14.6641
-14.415
-14.7178
-14.6337
-14.8079
-15.0273
-15.1914
-15.0599
-14.8878
-15.5344
-15.4319
-15.655
-15.3515
-15.4782
-15.4793
-15.3364
-15.38
-15.1865
-15.3333
-15.3278
-15.3552
-15.1762
-15.1007
-15.0176
-15.4222
-15.2949
-15.137
-15.5781
-15.5874
-15.3601
-15.3967
-15.3278
-15.6023
-15.396
-15.605
-15.1797
-15.5578
-15.3219
-15.429
-15.8121
-15.6501
-15.3077
-15.4123
-15.7151
-15.5088
-15.7243
-15.7578
-15.7125
-15.878
-16.0671
-15.9448
-15.8537
-16.0085
-15.8762
-15.8749
-15.8727
-16.1094
-15.4644
-15.7589
-15.7459
-15.7667
-16.0642
-16.1534
-15.9271
-15.9655
-15.9141
-16.2737
-16.4358
-16.4867
-16.5045
-16.4758
-16.7644
-16.1385
-16.3659
-16.0649
-16.1959
-16.4486
-16.3036
-16.6076
-16.5237
-16.5225
-16.5174
-16.1878
-16.3392
-16.5956
-16.7274
-16.6039
-16.4896
-16.8707
-17.2053
-16.7757
-16.8992
-16.6915
-16.6672
-16.6378
-16.811
-16.6387
-16.6014
-16.4396
-16.3157
-16.4792
-16.3868
-16.0938
-16.2302
-16.5151
-16.1672
-16.2843
-16.2483
-16.1164
-15.7287
-15.7334
-15.4289
-15.8909
-15.6974
-15.7107
-15.6229
-15.1992
-15.6034
-15.5411
-15.637
-15.4813
-15.1979
-15.2222
-15.3922
-15.0956
-15.2542
-14.8601
-14.7318
-15.0995
-14.7629
-14.8744
-14.9369
-14.7451
-14.9907
-14.9679
-15.0668
-14.5345
-14.5468
-14.8124
-14.9613
-14.9462
-14.847
-14.5329
-14.9907
-14.8306
-14.9723
-14.8935
-14.8936
-14.8973
-14.8711
-15.0882
-14.9826
-14.9504
-14.9878
-14.7478
-15.0601
-14.9762
-15.0667
-14.9534
-14.9749
-14.9168
-14.8312
-15.2335
-15.1599
-15.1482
-14.9479
-14.7137
-14.8855
-14.8504
-14.5375
-14.9425
-14.2893
-14.7887
-14.8837
-14.6409
-14.5098
-14.3061
-14.6372
-14.6663
-14.9486
-14.7424
-15.0191
-14.4283
-14.8348
-15.0714
-15.0696
-15.2179
-15.0151
-15.2521
-15.3328
-15.4516
-15.1877
-15.1055
-15.2545
-15.2959
-15.6975
-17.046
-14.1501
-13.7822
-13.9766
-14.0582
-13.8886
-13.7432
-13.6362
-13.7409
-13.6616
-13.5869
-13.4784
-13.4108
-13.4378
-13.531
-13.5261
-13.7377
-13.4765
-13.5801
-13.7382
-13.3491
-13.5075
-13.9582
-13.8174
-13.5595
-13.2602
-13.3751
-13.1919
-12.9376
-13.0414
-12.8916
-12.9852
-12.954
-13.438
-13.0145
-12.8146
-13.041
-13.1117
-13.0005
-13.0269
-12.7638
-12.7447
-13.0292
-12.9624
-13.0506
-13.0852
-13.117
-12.502
-13.3472
-13.0104
-13.0844
-12.9342
-13.0544
-12.9933
-12.9405
-12.9461
-13.0218
-13.071
-13.078
-13.0314
-12.9393
-13.0148
-12.9864
-13.0561
-12.9452
-13.1047
-12.8334
-12.8906
-13.2506
-13.3043
-13.0645
-13.0535
-13.1717
-13.1069
-13.0311
-13.2292
-12.8483
-13.4535
-13.055
-13.4849
-13.2928
-13.419
-13.4355
-13.3638
-13.6836
-13.8363
-13.8697
-14.2112
-13.9044
-13.9155
-13.8787
-14.1409
-13.3938
-13.5502
-13.6524
-13.7658
-13.9823
-13.6447
-13.6438
-13.5219
-13.731
-13.876
-13.8281
-13.8751
-13.7264
-13.7413
-13.973
-13.9015
-13.7479
-13.87
-13.9456
-13.7178
-14.2238
-14.2509
-13.9761
-13.9806
-14.0875
-13.9884
-14.0887
-13.9294
-14.0676
-14.1676
-14.2706
-14.1065
-14.1634
-14.3677
-14.0543
-14.2011
-13.9802
-14.2126
-13.9421
-13.9964
-13.6576
-13.6858
-14.0079
-13.8632
-14.2151
-14.2711
-14.3107
-14.5275
-14.2951
-14.8319
-14.3024
-14.7132
-14.3876
-14.6426
-14.6577
-14.7879
-14.8564
-14.5419
-14.6463
-14.3451
-14.6046
-14.3758
-14.4592
-14.1364
-14.2013
-14.2854
-14.3238
-14.3884
-14.1655
-14.4048
-14.3043
-14.4144
-14.0613
-14.2456
-14.0953
-14.1361
-14.0347
-14.0556
-14.4545
-14.4432
-14.1634
-14.633
-14.2134
-14.2833
-13.9969
-14.0257
-14.0534
-13.7793
-14.307
-13.9902
-13.9298
-14.0657
-14.3721
-14.0855
-13.7756
-14.0204
-13.9614
-13.8034
-14.0476
-13.7998
-14.1055
-14.2159
-13.8966
-13.6466
-13.7055
-13.7502
-13.3049
-13.6755
-13.7756
-13.5183
-13.7432
-13.9562
-13.9374
-13.7075
-14.0865
-13.9111
-14.0606
-13.9856
-13.9057
-13.8654
-13.9578
-13.9778
-14.0671
-13.6612
-14.0645
-13.9854
-13.6921
-13.6376
-13.4142
-13.576
-13.4276
-13.5281
-13.6165
-14.029
-13.7919
-13.7876
-14.2861
-13.7707
-13.9289
-13.7449
-13.5719
-13.5044
-13.4268
-13.3184
-13.1293
-13.4186
-13.6856
-13.2252
-13.494
-13.7302
-13.3035
-13.6181
-13.4551
-13.4923
-13.2046
-13.5029
-13.5078
-13.67
-13.6243
-13.5751
-13.53
-13.3808
-13.2307
-13.0673
-13.3734
-13.3242
-13.5638
-13.6699
-13.6716
-13.3838
-13.1975
-13.3455
-13.2635
-13.0973
-13.2258
-12.7337
-13.3452
-13.2913
-13.6387
-13.1495
-13.3711
-13.3097
-13.2974
-13.3542
-13.2344
-13.3048
-12.8182
-13.4558
-13.3493
-13.4171
-13.4837
-13.4929
-13.4919
-13.4648
-13.2236
-13.0811
-13.1957
-13.1937
-12.7668
-13.4089
-13.2811
-13.4516
-13.4715
-13.3821
-13.4717
-13.7729
-13.4366
-13.531
-13.3142
-13.7731
-13.7769
-13.9627
-13.7768
-13.9051
-13.6068
-13.7568
-13.9305
-14.1061
-13.7709
-13.7882
-13.7163
-13.8927
-14.218
-13.925
-14.1564
-13.9793
-14.0559
-13.9317
-14.0613
-13.8541
-13.6493
-13.9356
-13.8265
-13.9162
-13.7989
-13.943
-14.0083
-13.7504
-14.1442
-13.828
-14.1254
-13.7401
-13.9418
-13.9631
-14.2375
-14.1447
-14.1842
-14.0443
-14.1369
-13.9539
-14.1773
-13.9511
-14.1481
-13.9729
-13.8469
-14.0831
-13.8899
-14.0852
-14.5126
-13.9236
-14.2892
-14.4079
-14.5302
-14.5732
-14.7332
-14.3889
-14.4812
-14.7948
-14.6785
-14.4784
-14.4163
-14.3218
-14.528
-14.7657
-14.9643
-14.8263
-14.7739
-15.2084
-15.3085
-15.4241
-15.2654
-15.3741
-15.485
-15.4923
-15.3389
-15.583
-15.7387
-15.5358
-15.5846
-15.8496
-15.906
-15.5291
-15.793
-15.6828
-15.5041
-15.4193
-15.3941
-15.0715
-15.1569
-15.1856
-15.0505
-15.074
-15.2675
-15.4961
-15.016
-15.5325
-15.157
-14.7504
-15.1768
-15.1123
-14.9334
-14.9601
-15.0809
-15.1149
-14.9659
-14.7996
-14.8433
-14.8419
-14.7203
-14.6968
-14.612
-14.8072
-14.6753
-15.0198
-15.1338
-14.8587
-14.5265
-14.7307
-14.9778
-14.7495
-14.7593
-14.7801
-14.5568
-14.782
-15.1956
-15.0349
-14.9829
-15.2459
-15.1932
-15.1485
-16.8688
-19.4983
-15.278
-15.3103
-15.9452
-15.9561
-16.427
-16.0429
-15.801
-15.8395
-16.1266
-15.4566
-16.0054
-15.5015
-15.7372
-15.4211
-15.9591
-16.3951
-15.5071
-15.5416
-15.5973
-15.5395
-15.803
-15.3913
-15.77
-15.5354
-15.8922
-15.4561
-15.5294
-15.9075
-15.8057
-15.4566
-15.9535
-15.6511
-15.7487
-16.0067
-15.9254
-15.9147
-16.5432
-15.7612
-15.7635
-15.6939
-15.7613
-15.6566
-15.5357
-15.8667
-15.9451
-15.6219
-16.0142
-15.7331
-15.5569
-15.6109
-16.1563
-15.4374
-15.7818
-15.9323
-15.6674
-15.6177
-15.7273
-15.9284
-15.7431
-15.982
-15.8003
-15.9423
-16.0901
-16.0141
-15.779
-16.0819
-15.6266
-15.6763
-16.033
-16.0604
-15.9407
-15.5446
-16.0873
-15.542
-16.091
-15.6996
-15.7642
-15.3902
-15.3081
-15.8554
-15.6219
-15.4542
-16.0232
-15.8523
-15.4849
-15.5137
-15.1475
-14.9901
-15.3534
-15.3145
-15.3098
-15.0977
-15.7091
-15.225
-15.4814
-15.4549
-15.1702
-15.0494
-15.275
-15.4018
-15.4321
-15.0392
-15.1631
-15.2441
-15.0135
-15.0864
-15.5032
-15.2967
-15.2616
-15.1264
-15.236
-15.3578
-15.2866
-15.4665
-15.4714
-15.9455
-15.356
-15.9805
-15.7677
-15.7271
-15.7684
-15.6189
-15.5551
-15.5167
-15.4915
-15.5696
-15.4475
-15.4576
-15.4014
-15.7521
-15.2986
-15.3184
-15.1271
-15.2346
-15.2527
-15.3039
-15.1269
-14.9651
-14.9955
-14.7138
-15.3166
-14.9455
-14.748
-15.3043
-14.7323
-14.8376
-14.8134
-15.2276
-15.0783
-15.3538
-15.5292
-15.4206
-15.3194
-15.6423
-15.4137
-15.8642
-15.0968
-15.5525
-15.4983
-15.4051
-15.5541
-15.7072
-15.9906
-15.8812
-15.7927
-16.0403
-16.1442
-16.0061
-16.1912
-16.7827
-16.3134
-16.4722
-16.5304
-16.9212
-16.9342
-16.8904
-17.0444
-16.697
-16.9799
-16.9859
-16.8549
-16.8981
-16.5369
-16.988
-16.6812
-16.8442
-16.6615
-17.0183
-16.8256
-16.5323
-16.5373
-16.48
-16.7135
-16.5102
-16.6097
-16.7523
-16.6499
-16.7867
-17.0331
-16.9007
-16.6013
-16.5892
-16.6864
-17.051
-16.8066
-16.8088
-16.8408
-17.0129
-16.8305
-16.7744
-16.9058
-17.0539
-17.0153
-17.0747
-17.2112
-16.7486
-17.2256
-16.7644
-16.9321
-17.1615
-17.2934
-17.1421
-17.4656
-17.1448
-17.2575
-16.8317
-18.0208
-17.2111
-16.894
-17.3127
-17.6584
-17.0805
-16.9202
-17.0972
-17.1265
-16.6176
-17.2295
-16.7859
-17.6348
-17.1237
-17.2563
-17.2532
-16.9151
-16.9169
-17.243
-17.0236
-16.9879
-16.8179
-16.8967
-16.6454
-16.8659
-16.9754
-16.346
-16.9315
-16.4398
-16.6857
-16.6153
-16.5785
-16.5903
-16.5712
-16.4771
-16.5695
-16.2473
-16.3082
-16.4934
-16.1571
-17.028
-16.0842
-16.7799
-16.1988
-16.9555
-16.7401
-17.008
-16.8617
-17.1145
-16.855
-16.2833
-17.0525
-16.7743
-16.381
-16.8296
-16.3336
-16.8504
-16.6452
-16.8935
-16.9375
-16.8569
-17.361
-16.9162
-17.1397
-16.8823
-16.8203
-16.7458
-16.8618
-16.442
-16.5782
-16.4657
-16.488
-16.3379
-16.1996
-16.5967
-16.6756
-16.3889
-16.2176
-16.0084
-16.0577
-16.0155
-16.2027
-16.0951
-15.6449
-15.6982
-16.1302
-15.9006
-15.4409
-15.3315
-15.285
-15.4712
-14.911
-15.8179
-15.2522
-15.3268
-15.887
-15.246
-15.7821
-15.1685
-15.3462
-15.1202
-15.6841
-15.463
-15.6289
-15.5118
-15.3623
-14.9509
-15.8003
-15.3317
-15.2534
-14.7081
-15.014
-14.8974
-15.1338
-15.0028
-14.5974
-14.9859
-14.7587
-14.9952
-14.7615
-14.5424
-14.7826
-14.6359
-14.9015
-14.7959
-15.1797
-14.9573
-14.7583
-15.1529
-15.0593
-14.5793
-15.1538
-14.9625
-15.02
-15.2787
-15.3697
-15.3366
-15.4033
-15.429
-15.2711
-15.5627
-15.623
-15.5642
-15.1697
-15.8311
-15.1854
-15.5671
-15.2546
-15.1112
-15.4467
-15.439
-15.5152
-15.4857
-15.4747
-15.2952
-15.46
-15.2756
-15.0179
-15.2399
-15.2327
-15.0358
-14.868
-15.0462
-15.1154
-15.3323
-15.0021
-15.2023
-15.0106
-15.2627
-15.6031
-15.214
-15.6548
-15.3368
-15.5942
-15.3982
-15.9298
-15.915
-15.2348
-15.7829
-15.7812
-15.6989
-15.726
-15.9941
-15.8765
-15.9801
-15.7606
-16.1545
-15.6726
-15.7783
-15.7612
-15.9018
-16.0318
-16.4987
-15.7943
-16.5473
-16.2981
-16.2592
-16.4568
-16.908
-16.5194
-16.5027
-16.515
-16.4623
-16.746
-18.9163
-15.1687
-15.2954
-15.9156
-15.6599
-15.898
-15.3906
-15.8662
-15.28
-15.8655
-15.1087
-15.2854
-15.8354
-15.2242
-15.9454
-16.2699
-15.9765
-15.8232
-15.8379
-15.7436
-15.7665
-15.34
-15.7367
-15.3811
-15.6375
-15.8276
-15.6569
-15.6341
-15.8629
-16.0099
-16.1957
-15.8812
-16.3537
-16.1693
-16.3925
-16.1892
-16.0521
-16.0491
-15.965
-16.0358
-16.2737
-15.7186
-15.619
-16.2497
-15.9186
-15.7517
-16.2732
-16.3288
-15.9855
-16.0032
-16.0799
-15.8706
-16.1896
-16.0208
-15.8109
-16.1038
-16.1009
-16.0423
-16.1523
-15.6316
-15.8508
-16.3476
-16.1564
-15.8134
-15.9767
-16.0142
-15.8819
-15.8476
-15.6262
-16.2634
-15.6382
-15.8649
-16.0802
-15.4629
-15.8439
-15.6886
-15.7936
-15.8656
-15.7939
-16.212
-15.5079
-16.085
-16.1745
-15.9732
-16.334
-15.9372
-16.3098
-16.0475
-15.8625
-15.637
-16.4752
-15.9195
-16.0064
-15.6842
-16.3006
-15.836
-15.9805
-15.8023
-16.0731
-16.3262
-16.1601
-16.1638
-16.0527
-15.9919
-16.5072
-16.327
-16.82
-17.1288
-16.6028
-16.7886
-16.4994
-16.535
-15.9879
-15.9293
-16.4658
-16.2313
-16.4069
-15.7956
-16.3132
-16.141
-16.0902
-15.5689
-15.5235
-15.6334
-16.0943
-15.7527
-16.0239
-15.9805
-15.7273
-15.7967
-15.4419
-15.5564
-15.5022
-15.7022
-15.5943
-15.3591
-15.3781
-15.3029
-14.9701
-15.616
-14.7485
-15.558
-15.0972
-15.1509
-14.8097
-15.0838
-15.2522
-14.8505
-15.0417
-14.7032
-15.0894
-15.0744
-14.8475
-14.8628
-14.8433
-14.7936
-14.4754
-14.7046
-14.198
-14.5496
-14.4987
-14.6258
-14.4126
-14.5205
-14.483
-14.5381
-14.4188
-14.6614
-14.3526
-14.5056
-14.4785
-14.4715
-13.9763
-14.2697
-13.8498
-14.2901
-14.0233
-14.2197
-14.5053
-14.0794
-14.7173
-14.0736
-14.3069
-14.3172
-14.579
-14.3714
-14.4549
-14.1264
-14.18
-13.9405
-13.8387
-13.8556
-14.2314
-14.3317
-14.6256
-13.7447
-14.5012
-14.0266
-14.4031
-14.0496
-14.2114
-14.4404
-14.3633
-14.3147
-14.0305
-13.855
-14.2086
-13.817
-15.1745
-14.1594
-14.1255
-14.7872
-14.4444
-14.5314
-14.5001
-14.4489
-14.3546
-14.1761
-14.3022
-14.5904
-13.9022
-14.4846
-14.0891
-14.5969
-14.4922
-14.5997
-14.2533
-14.5938
-14.79
-14.8585
-15.1251
-15.1213
-14.8232
-14.8342
-14.9446
-15.0307
-14.8361
-14.9363
-14.6522
-14.6683
-14.9401
-14.8042
-14.9185
-14.8019
-14.6445
-15.1148
-14.5682
-14.8688
-14.5814
-15.1342
-14.2764
-14.4539
-14.5915
-14.338
-14.508
-14.681
-14.6566
-14.8646
-14.9031
-14.9366
-14.8849
-14.8396
-14.8085
-15.3863
-14.9771
-14.7106
-15.0225
-15.4597
-15.3798
-15.3649
-15.6304
-15.3197
-15.3513
-15.1601
-15.3422
-15.1775
-14.9312
-15.0748
-15.1757
-15.8441
-15.3597
-15.5152
-15.3102
-15.3698
-15.5091
-15.63
-15.1913
-15.6583
-15.7034
-15.5666
-16.209
-15.6865
-15.857
-15.9038
-15.6082
-15.8791
-16.0305
-15.8152
-15.9989
-15.7055
-15.6315
-15.872
-15.5489
-16.1241
-15.7568
-16.5725
-15.9488
-15.8943
-16.0288
-16.2745
-15.7266
-16.1849
-15.6121
-15.925
-15.6322
-16.2971
-16.1077
-16.5398
-16.4452
-16.6652
-16.6957
-16.8262
-16.5259
-16.5273
-16.9366
-17.4246
-16.9065
-17.081
-17.2376
-17.2996
-17.2194
-17.0985
-17.3634
-16.9205
-16.8767
-16.8901
-16.4323
-16.8122
-16.728
-16.5933
-17.1347
-16.6447
-16.5966
-16.2988
-16.6679
-16.1967
-16.5562
-16.4211
-16.2751
-16.557
-16.4444
-16.7495
-16.5159
-16.4883
-16.799
-16.6933
-17.4622
-16.8817
-16.5422
-16.6735
-16.3613
-16.3558
-16.3616
-16.5386
-16.7423
-16.7899
-17.035
-17.2317
-17.0391
-16.8718
-17.0321
-16.7999
-16.3864
-16.5229
-16.3555
-16.1995
-16.1566
-15.5769
-15.9407
-15.4735
-15.8459
-15.7929
-15.5018
-15.1921
-15.4473
-14.9739
-14.9335
-14.9874
-14.7904
-15.0602
-14.4907
-15.338
-15.2227
-14.7084
-14.8668
-14.5659
-14.888
-14.6588
-14.6623
-14.7517
-14.5892
-14.8683
-14.6656
-14.8114
-14.7978
-14.4981
-14.7884
-14.5665
-15.0615
-15.0933
-14.5517
-14.6827
-14.4589
-14.8346
-15.0058
-14.8239
-14.7896
-14.6533
-14.0784
-15.115
-14.9221
-15.2713
-15.1179
-15.351
-15.3206
-15.2186
-15.6288
-15.0903
-15.6179
-15.0558
-15.2229
-15.1278
-17.2218
-14.7227
-14.751
-14.5077
-14.7048
-14.6787
-14.1142
-13.8947
-14.332
-14.3835
-14.5935
-14.4911
-14.2021
-14.6208
-14.247
-14.6254
-15.2318
-14.9114
-15.1065
-15.0707
-15.266
-15.1107
-14.8507
-14.9831
-14.6448
-15.4618
-15.201
-14.9257
-14.6753
-14.6337
-15.0501
-14.6329
-14.881
-14.4592
-14.6718
-14.7932
-14.71
-14.5185
-14.0794
-14.3808
-13.8516
-13.9274
-14.2065
-14.1351
-14.2375
-13.926
-14.1587
-14.1683
-14.2047
-14.5157
-14.2716
-14.2214
-14.2495
-14.1061
-14.0907
-14.2092
-14.1347
-14.1373
-13.9455
-14.0313
-14.3526
-14.4376
-14.0283
-14.4813
-14.3044
-14.4308
-14.2414
-14.2387
-14.4421
-14.2968
-14.2093
-14.3434
-14.9194
-14.521
-14.2833
-14.1286
-14.5671
-14.2421
-14.5622
-14.5983
-15.145
-14.8694
-15.2454
-14.7415
-15.1748
-14.6151
-14.6443
-14.8918
-15.2534
-15.0665
-15.01
-15.0725
-14.9513
-14.8903
-15.3827
-15.3255
-15.5382
-15.5235
-15.4309
-15.1303
-15.3467
-15.2883
-15.0492
-14.9145
-15.3129
-15.4516
-15.9903
-15.7652
-15.8812
-16.363
-15.8044
-16.1029
-16.2876
-16.0663
-16.1146
-15.9903
-16.4014
-16.7732
-15.7505
-16.0075
-16.4608
-15.9409
-16.9722
-16.7985
-16.5055
-16.9897
-16.9107
-16.5888
-16.781
-16.8669
-17.0594
-16.5931
-17.2635
-16.7348
-17.0558
-16.9121
-17.176
-17.803
-17.6098
-17.2079
-17.4415
-17.4008
-17.3438
-16.8788
-17.3498
-17.7911
-16.7978
-16.983
-17.1787
-17.0721
-17.1898
-17.288
-17.0003
-17.3205
-16.989
-17.3605
-16.7481
-17.1583
-16.9404
-17.1421
-17.3383
-17.4744
-17.4153
-17.082
-17.5125
-17.4234
-17.2004
-17.3081
-16.7771
-17.1585
-16.9109
-16.8616
-16.9259
-16.7728
-16.7883
-16.7251
-16.874
-16.6207
-16.3985
-16.5661
-16.777
-16.6171
-16.7666
-16.45
-17.2597
-16.7491
-16.8175
-16.8756
-17.0849
-17.3006
-17.0384
-17.1302
-17.3196
-17.3355
-16.9931
-16.6203
-16.6929
-17.2074
-16.8415
-17.1279
-16.9236
-16.9658
-17.6797
-16.8864
-17.2581
-17.1973
-17.262
-17.0906
-17.0813
-17.1218
-17.2014
-17.0487
-16.8524
-17.0062
-16.9342
-16.7276
-16.1498
-16.1282
-16.0499
-16.1481
-15.5309
-15.6952
-15.626
-15.8225
-15.9293
-15.9232
-15.9125
-15.6715
-15.7551
-15.9156
-16.1633
-15.9556
-16.4341
-15.9665
-15.8473
-15.5614
-15.8031
-15.895
-15.5533
-15.9284
-15.6135
-15.487
-15.6656
-15.7213
-15.4089
-15.3893
-15.442
-15.6604
-15.5739
-15.6067
-15.1142
-15.2834
-15.3741
-15.2275
-15.5114
-15.4691
-15.7684
-15.1439
-15.1994
-15.0155
-14.7508
-15.5225
-14.9456
-15.0744
-14.8949
-14.8617
-14.7526
-14.4422
-14.6924
-14.5627
-15.1417
-14.9493
-14.7117
-14.6094
-14.9403
-14.2039
-14.8427
-14.9112
-14.7944
-14.9392
-14.5662
-14.9776
-15.1716
-14.8026
-14.9522
-14.4375
-15.9413
-14.3246
-15.1777
-14.9686
-14.4909
-14.9861
-14.6775
-14.9182
-14.8765
-15.0486
-14.9013
-15.0105
-15.4659
-14.9909
-15.2294
-14.9831
-15.1018
-15.1142
-14.8334
-14.8695
-14.9829
-14.4036
-15.047
-14.8843
-14.6458
-15.0784
-14.8039
-15.147
-15.1728
-14.7936
-14.9868
-14.6735
-14.8732
-14.7866
-14.9194
-14.4588
-14.7692
-14.6262
-15.0562
-14.6654
-15.1995
-14.552
-15.212
-15.6925
-15.3124
-15.1019
-15.2855
-15.3532
-15.2794
-15.3938
-15.1939
-15.6789
-15.1895
-16.0107
-14.6532
-14.9736
-15.3495
-14.5972
-15.2656
-15.1048
-15.774
-15.1448
-15.416
-15.0811
-15.0633
-15.3029
-15.1408
-15.8015
-15.3133
-15.5344
-15.5895
-15.8274
-15.7157
-15.9343
-16.5384
-15.8978
-16.2584
-16.3704
-15.7601
-15.9889
-15.9751
-15.7548
-16.0696
-16.3931
-16.9912
-16.0313
-16.463
-16.3608
-16.3372
-16.9452
-16.7686
-16.9176
-16.9773
-16.6991
-17.0078
-17.0579
-17.0323
-16.9639
-16.9953
-17.3872
-17.0458
-17.3679
-16.7407
-16.8658
-16.7769
-16.9535
-17.2902
-16.9021
-17.2134
-16.9572
-16.6055
-16.9176
-16.8543
-16.6979
-16.405
-16.8457
-16.8612
-17.195
-17.0948
-17.1392
-16.6136
-17.033
-17.3948
-17.1114
-17.0846
-17.16
-17.0056
-17.3714
-17.6102
-17.3273
-17.6939
-17.9074
-17.7838
-18.03
-18.3656
-17.8588
-17.6561
-18.2244
-18.3238
-17.9974
-18.37
-17.9922
-18.3113
-18.7989
-18.4146
-19.0476
-20.0226
-19.1411
-18.9798
-19.7473
-19.718
-18.7093
-18.7076
-18.421
-18.5304
-18.4841
-18.3147
-18.2781
-18.7695
-18.1424
-18.4697
-18.7639
-18.3068
-18.4648
-18.9446
-18.8484
-18.8672
-18.4701
-18.8879
-18.8607
-18.4859
-17.9703
-18.4892
-18.3344
-17.7005
-17.9651
-17.8787
-17.7739
-17.8911
-17.6725
-17.44
-17.8145
-17.6
-17.4778
-17.0371
-17.1246
-17.3789
-17.0273
-17.2402
-16.8075
-17.0341
-17.1206
-16.863
-17.0789
-16.6992
-16.8988
-16.994
-16.7313
-16.71
-16.9434
-16.7953
-17.0197
-16.3287
-16.477
-16.5327
-16.843
-16.8434
-16.5665
-16.7537
-16.7289
-16.6455
-16.6847
-16.4454
-16.5847
-16.7202
-16.8912
-16.4987
-16.8881
-16.7704
-16.4983
-16.765
-16.716
-16.8065
-16.6292
-16.982
-16.519
-16.3365
-16.4574
-16.6348
-16.7229
-16.0168
-16.321
-16.2788
-15.916
-15.9448
-15.9015
-16.0738
-15.4735
-16.1025
-16.4908
-16.0482
-16.1445
-15.922
-16.3838
-16.2595
-16.3061
-16.1977
-16.2906
-16.3494
-16.3062
-16.2771
-16.276
-16.2913
-16.15
-15.8221
-16.4011
-15.535
-16.53
-16.1703
-16.1635
-16.3468
-16.3759
-16.4554
-16.2119
-15.9911
-16.2363
-16.3855
-16.0957
-16.0322
-16.1024
-16.2078
-16.1519
-16.1633
-16.4182
-16.0369
-16.3376
-15.9368
-16.2588
-16.3097
-16.3095
-16.3213
-16.2255
-15.2728
-16.2174
-15.8784
-15.8005
-15.9399
-16.1204
-16.1769
-16.0246
-16.145
-15.855
-16.4012
-15.9933
-16.5122
-16.033
-16.1296
-15.914
-16.059
-16.0235
-16.0654
-15.7899
-16.0516
-16.0584
-15.7606
-16.368
-15.765
-16.3068
-15.9077
-16.4442
-16.0368
-16.0728
-16.1429
-16.0864
-16.1945
-16.3566
-16.1116
-16.5043
-16.2566
-16.8704
-16.6986
-16.8108
-16.6308
-16.8861
-16.735
-16.4696
-16.4951
-16.9283
-16.8693
-17.5687
-16.7595
-17.0344
-17.0619
-17.7386
-16.8401
-17.289
-17.21
-17.1947
-17.3691
-17.9605
-17.4392
-17.7089
-17.2953
-18.0742
-18.0341
-17.8926
-17.906
-17.9283
-18.0155
-17.5635
-17.905
-17.9856
-18.1168
-18.2411
-18.4747
-18.4352
-18.1772
-18.018
-18.2384
-18.147
-18.5917
-18.6939
-18.9634
-18.903
-18.8044
-18.5613
-18.0873
-18.2741
-18.3168
-18.3482
-19.1841
-18.6938
-18.9909
-19.1043
-18.6165
-18.901
-18.7464
-19.1164
-19.2039
-19.0179
-19.444
-19.4283
-18.8654
-19.2875
-19.4704
-19.0074
-19.6515
-19.0723
-18.8273
-18.7089
-18.9668
-19.1431
-19.5166
-19.4218
-19.2638
-19.0793
-18.6729
-19.2512
-19.0339
-19.3368
-20.149
-19.0737
-19.084
-18.9646
-19.068
-18.4926
-18.6072
-18.4478
-18.6197
-18.4695
-18.2929
-18.5778
-18.4953
-18.8565
-18.2767
-18.716
-18.2605
-18.4278
-18.9423
-19.0812
-18.5942
-18.7734
-18.7082
-18.6872
-18.588
-18.7387
-18.3991
-18.7807
-18.6316
-18.7568
-18.586
-18.7774
-18.7688
-18.6888
-18.7177
-19.2638
-18.9029
-18.6665
-18.2476
-18.1159
-18.0478
-18.8967
-18.9481
-18.4148
-19.0083
-18.5087
-18.6684
-18.3236
-17.9763
-17.8256
-17.5763
-17.9135
-17.6174
-18.0936
-17.6359
-17.7977
-17.5404
-17.5124
-17.4545
-17.586
-17.446
-17.0765
-17.2031
-16.9994
-17.0398
-17.0381
-16.9993
-17.0716
-17.0615
-17.2006
-16.9019
-17.0882
-16.4312
-16.722
-16.7604
-16.8267
-17.1142
-16.963
-16.8329
-17.2047
-17.087
-16.9518
-16.5222
-16.6121
-16.4015
-16.5879
-16.1049
-16.3956
-16.9884
-16.4807
-16.4984
-16.2644
-16.5876
-16.1007
-16.4289
-16.1925
-16.458
-15.7836
-16.2752
-16.2218
-15.716
-16.2172
-16.2848
-16.136
-16.0729
-15.8909
-16.0812
-16.155
-16.1819
-16.6569
-16.1031
-16.111
-16.048
-16.0205
-16.3374
-16.2605
-16.3653
-16.0613
-15.9538
-16.7207
-16.9706
-16.6262
-16.524
-16.7146
-16.7961
-17.2545
-16.6648
-16.7774
-16.5276
-16.6546
-17.0345
-16.9298
-16.7202
-17.3495
-16.8584
-16.7072
-16.7105
-16.3609
-16.9321
-16.3222
-16.6564
-16.9508
-16.7247
-17.0141
-16.8385
-16.787
-17.47
-17.6809
-17.5115
-17.3071
-17.9208
-17.0131
-16.9994
-16.9388
-17.2719
-16.9037
-17.1334
-17.2804
-17.3713
-17.3783
-17.2166
-17.4598
-17.3393
-17.2692
-17.2181
-17.6618
-18.2416
-18.072
-18.2414
-18.1651
-18.6667
-18.323
-18.7254
-17.9741
-17.9791
-18.6973
-18.3203
-18.8504
-20.9967
-15.6389
-15.3678
-15.5705
-15.8926
-15.6441
-15.2761
-15.1302
-15.0498
-15.2811
-15.3022
-15.0856
-15.5009
-15.0053
-15.5718
-15.4188
-15.6629
-15.6743
-15.8077
-16.0684
-16.2868
-15.9718
-15.8133
-15.6269
-16.2113
-15.8354
-16.4432
-16.2
-16.5051
-16.5474
-16.7359
-16.3371
-16.6604
-16.4933
-16.4304
-16.8482
-16.9649
-17.1216
-16.9631
-17.2847
-16.8889
-17.3147
-17.3807
-16.8148
-17.4789
-17.0113
-17.3038
-17.2264
-17.3875
-17.5114
-17.2164
-17.117
-17.5925
-17.0118
-17.5029
-17.1886
-17.6694
-17.5208
-17.2963
-17.4682
-17.6075
-17.6099
-17.5538
-17.3973
-17.8293
-17.269
-16.9086
-17.4003
-16.8509
-17.2419
-17.2718
-17.0181
-17.0749
-16.9596
-17.7401
-16.6254
-16.6905
-17.19
-18.2082
-17.4049
-17.9796
-18.0502
-17.8128
-18.0598
-17.7165
-18.1506
-17.9508
-17.8702
-18.1152
-17.8523
-17.948
-17.8554
-18.8319
-17.0831
-17.1178
-17.5858
-17.3079
-17.7232
-17.685
-17.8379
-17.7056
-17.6056
-18.0149
-17.7972
-18.4669
-17.8861
-18.3076
-18.2498
-17.8244
-17.6101
-17.9527
-17.9449
-18.5949
-17.64
-17.8538
-17.8385
-17.8674
-18.0759
-18.2335
-18.3463
-17.7589
-17.9648
-17.7241
-17.9845
-17.6428
-17.9237
-17.305
-17.4209
-17.5655
-17.423
-17.5428
-16.9805
-17.061
-16.7752
-16.5324
-16.6343
-16.6383
-17.0693
-16.6646
-16.5687
-16.5116
-17.0892
-16.5434
-16.881
-17.0156
-16.0556
-16.5754
-16.4909
-16.1905
-16.331
-16.1501
-16.2247
-16.4341
-16.3142
-15.9894
-16.678
-15.701
-16.8107
-16.468
-16.4548
-16.732
-16.6262
-16.9675
-16.7767
-16.7197
-16.3401
-16.3449
-16.3887
-16.0655
-16.4555
-16.0004
-16.4638
-16.1994
-16.3208
-16.1349
-15.9559
-16.3806
-16.0375
-16.2226
-15.8669
-16.0437
-16.012
-15.335
-15.4869
-15.3416
-15.3355
-15.2913
-15.1918
-15.2749
-15.2074
-14.809
-14.6941
-14.9649
-14.988
-15.0194
-15.084
-15.3158
-14.9882
-15.1159
-14.9297
-14.7456
-15.1256
-14.927
-14.7546
-15.0192
-14.9732
-14.6067
-15.3262
-14.82
-14.612
-14.7591
-14.8224
-14.8953
-14.4733
-14.7243
-14.6662
-14.8278
-14.5279
-14.7363
-14.5448
-14.5328
-14.897
-14.6218
-14.7487
-14.9743
-15.3386
-15.1999
-15.0793
-14.2523
-14.8142
-14.6678
-14.9644
-14.879
-14.8325
-14.9136
-14.3513
-14.5954
-14.3944
-14.6841
-14.5521
-14.8139
-14.7129
-14.6164
-14.7984
-14.4424
-14.5868
-15.0485
-15.1533
-15.2831
-15.2127
-15.7204
-15.7412
-15.4704
-15.2442
-15.4944
-15.1077
-15.0187
-14.7323
-14.4898
-14.6819
-15.4687
-15.2549
-15.6988
-15.4404
-15.2736
-15.2449
-15.3936
-15.4334
-16.1423
-15.7808
-16.0548
-15.9754
-15.9776
-16.0526
-16.7471
-17.1959
-16.5808
-16.4514
-16.566
-16.9733
-16.4489
-16.3011
-16.5243
-16.373
-16.7635
-16.9666
-16.6426
-16.7936
-16.56
-16.465
-16.5556
-16.9892
-16.979
-16.0812
-16.3346
-16.3262
-15.9886
-16.7451
-16.8637
-16.4724
-16.7177
-16.7917
-17.1022
-16.7397
-16.8105
-17.1413
-16.6726
-17.1452
-16.4563
-16.7482
-16.2777
-16.4851
-16.7676
-16.3475
-16.6169
-17.2531
-16.8314
-17.4232
-16.7216
-16.4186
-16.5265
-16.7821
-16.6616
-16.6519
-16.8521
-16.6109
-16.3354
-16.7277
-16.4903
-16.884
-16.651
-16.6531
-17.0402
-16.9084
-16.962
-16.9992
-17.2432
-16.9386
-17.0735
-16.9101
-17.0489
-16.958
-17.1425
-17.3994
-17.5746
-17.2348
-17.3632
-16.567
-17.3864
-16.8421
-16.819
-16.7859
-16.528
-16.748
-16.4318
-16.6534
-17.0196
-16.8536
-16.7863
-16.9605
-16.2654
-16.7518
-16.4351
-16.2409
-16.5191
-16.3157
-16.9332
-16.3335
-16.8067
-16.7429
-16.641
-16.5226
-16.3922
-16.9103
-16.585
-16.8156
-17.0562
-17.0399
-16.5902
-16.7954
-17.174
-17.2373
-17.4523
-17.0855
-16.9924
-17.1741
-16.8987
-16.7017
-16.7516
-16.4252
-16.4897
-16.6653
-16.7235
-16.5939
-16.5306
-16.5513
-16.8006
-16.6543
-16.4097
-16.1816
-16.24
-16.4686
-16.4325
-16.4147
-16.3521
-16.2852
-16.6769
-16.2636
-16.9108
-16.8257
-16.029
-16.6648
-15.9435
-16.2794
-15.9861
-16.339
-15.6158
-16.3163
-15.7565
-15.7311
-15.8123
-15.8636
-16.376
-16.1903
-16.4413
-16.3695
-16.1934
-16.6032
-16.0869
-16.2574
-15.443
-15.9861
-1.#IND
