1.36457
1.31219
1.31611
1.30584
1.31485
1.28987
1.2914
1.28966
1.30577
1.31698
1.31169
1.30004
1.28998
1.30268
1.30669
1.3089
1.29726
1.27622
1.28257
1.30329
1.30205
1.30244
1.29912
1.29541
1.29972
1.31323
1.30605
1.29289
1.27939
1.26981
1.27146
1.28766
1.27962
1.26516
1.26469
1.27561
1.27521
1.28545
1.27041
1.25964
1.24682
1.25681
1.27031
1.27463
1.27966
1.26316
1.2616
1.26656
1.26914
1.26087
1.24407
1.24265
1.24053
1.25608
1.28349
1.27085
1.2608
1.26356
1.26087
1.27565
1.26486
1.24695
1.23587
1.2332
1.24993
1.26452
1.26816
1.25595
1.2498
1.26459
1.25892
1.26206
1.24182
1.2374
1.23638
1.23169
1.24472
1.26426
1.25
1.24143
1.24636
1.26064
1.24559
1.24721
1.22455
1.21831
1.2285
1.2548
1.2514
1.25202
1.24494
1.24018
1.24828
1.25385
1.24456
1.22415
1.21565
1.23533
1.24565
1.24779
1.24675
1.24021
1.23727
1.2398
1.23925
1.23874
1.23833
1.2238
1.2224
1.23565
1.25385
1.23008
1.23705
1.22922
1.2346
1.24057
1.23775
1.21877
1.22069
1.21886
1.22312
1.23724
1.22368
1.22634
1.22627
1.23622
1.23536
1.22649
1.21384
1.20992
1.19623
1.20446
1.21846
1.22374
1.2215
1.22315
1.21197
1.22253
1.21886
1.21007
1.19483
1.19587
1.19952
1.20612
1.22637
1.2205
1.20901
1.21624
1.21396
1.2159
1.20213
1.19234
1.1832
1.18014
1.20555
1.21032
1.21197
1.20986
1.20603
1.21065
1.21353
1.2015
1.18451
1.18478
1.18437
1.2028
1.20639
1.21056
1.20882
1.21093
1.2151
1.21191
1.20424
1.19614
1.19281
1.18791
1.19192
1.21301
1.22187
1.21381
1.20849
1.20743
1.21059
1.19778
1.21056
1.19344
1.1937
1.19775
1.20946
1.21899
1.21418
1.21007
1.21224
1.21467
1.21562
1.20876
1.19071
1.17641
1.17971
1.20443
1.21169
1.20394
1.21276
1.21081
1.22477
1.20582
1.21405
1.1921
1.18936
1.19187
1.2047
1.22287
1.20825
1.21763
1.21769
1.20949
1.218
1.20998
1.19344
1.19394
1.18633
1.20219
1.21056
1.20627
1.20755
1.19462
1.21062
1.21865
1.20126
1.20403
1.19107
1.18744
1.19281
1.22305
1.21111
1.21488
1.20667
1.20752
1.22159
1.20749
1.20337
1.19698
1.18136
1.19003
1.19668
1.20676
1.21212
1.21105
1.21258
1.2147
1.21234
1.19961
1.18346
1.18809
1.18965
1.19018
1.21491
1.21861
1.19973
1.20837
1.20271
1.207
1.1976
1.18647
1.17093
1.18297
1.20048
1.19826
1.21258
1.21488
1.21013
1.21075
1.20391
1.2053
1.19353
1.18601
1.19012
1.19731
1.20819
1.20712
1.20916
1.22324
1.21273
1.21414
1.21402
1.20237
1.20268
1.18747
1.18621
1.19886
1.21559
1.22137
1.21491
1.21759
1.21522
1.21905
1.20831
1.19157
1.18903
1.19121
1.1991
1.21255
1.21283
1.21154
1.20343
1.21393
1.21151
1.20292
1.19465
1.18536
1.19119
1.20446
1.21442
1.21695
1.21827
1.21182
1.22175
1.22234
1.22122
1.21427
1.18912
1.19844
1.20709
1.22415
1.23067
1.23074
1.22256
1.21951
1.22753
1.21933
1.20561
1.19471
1.19662
1.1962
1.21154
1.21738
1.20937
1.19385
1.20012
1.2006
1.20876
1.1895
1.18232
1.17566
1.18469
1.18832
1.20222
1.20515
1.19302
1.20983
1.20051
1.20476
1.19683
1.18174
1.17526
1.17127
1.19477
1.20591
1.20452
1.19808
1.19379
1.20509
1.21068
1.19264
1.18227
1.18264
1.1763
1.1885
1.19689
1.20237
1.19486
1.18759
1.19629
1.20968
1.20177
1.17659
1.1711
1.16774
1.17228
1.17965
1.19513
1.20096
1.20424
1.19519
1.20081
1.18163
1.18262
1.16868
1.16032
1.16175
1.1752
1.18583
1.19707
1.1957
1.19003
1.19136
1.18603
1.19567
1.17033
1.16732
1.16598
1.16908
1.1789
1.19249
1.19281
1.19302
1.19252
1.189
1.18753
1.17147
1.15665
1.1606
1.16471
1.1744
1.17615
1.17936
1.18209
1.17994
1.18442
1.1765
1.16138
1.15326
1.14264
1.15241
1.17056
1.17765
1.1853
1.17806
1.17846
1.17687
1.18165
1.19808
1.17199
1.14954
1.1597
1.17515
1.18206
1.1725
1.16714
1.17322
1.1763
1.16564
1.14408
1.15202
1.14725
1.16026
1.17587
1.17302
1.18014
1.17601
1.17838
1.17676
1.17042
1.16313
1.16457
1.16766
1.16361
1.18545
1.18093
1.18662
1.18326
1.19379
1.18297
1.17245
1.16737
1.14912
1.14302
1.15649
1.16355
1.17454
1.17858
1.18157
1.18218
1.18688
1.17423
1.16999
1.14267
1.14956
1.15241
1.16366
1.16905
1.18574
1.17208
1.18533
1.18334
1.1823
1.16102
1.15479
1.15238
1.15265
1.16644
1.17763
1.1898
1.18824
1.18355
1.18539
1.18451
1.18355
1.16192
1.15799
1.17282
1.16471
1.18513
1.19272
1.19534
1.1858
1.18595
1.18151
1.18142
1.17136
1.17339
1.1611
1.17005
1.18052
1.18818
1.19382
1.18733
1.18903
1.19098
1.17919
1.17843
1.1668
1.17259
1.17047
1.18422
1.19068
1.19213
1.19632
1.20703
1.19997
1.19692
1.18492
1.17316
1.17147
1.1713
1.19388
1.19567
1.19922
1.20301
1.20709
1.2179
1.2031
1.20388
1.17864
1.17271
1.1816
1.18812
1.19599
1.20364
1.20189
1.19674
1.20443
1.19278
1.18662
1.18457
1.17047
1.16902
1.17878
1.19695
1.20573
1.20582
1.19793
1.21457
1.20497
1.20971
1.18343
1.16939
1.1776
1.18598
1.19576
1.19958
1.20461
1.19707
1.20385
1.2021
1.20355
1.19599
1.18583
1.17728
1.17832
1.204
1.20388
1.20764
1.1911
1.20277
1.1959
1.20015
1.19492
1.1832
1.17974
1.18768
1.20189
1.20352
1.21075
1.21513
1.20621
1.20231
1.21405
1.20409
1.19418
1.17368
1.18212
1.20024
1.20773
1.20743
1.20983
1.20636
1.20361
1.20271
1.20213
1.18868
1.17786
1.18384
1.18122
1.19573
1.19988
1.19967
1.20355
1.19766
1.19796
1.20247
1.19424
1.17907
1.16837
1.18451
1.18539
1.1959
1.19581
1.19886
1.20424
1.20773
1.19373
1.18953
1.18099
1.17185
1.17878
1.18983
1.20207
1.19913
1.20718
1.20343
1.19928
1.2025
1.20609
1.18209
1.17575
1.187
1.19287
1.20788
1.21451
1.20825
1.21111
1.2175
1.21957
1.20343
1.19928
1.19136
1.19317
1.19814
1.20189
1.2087
1.21405
1.21504
1.21378
1.20852
1.21621
1.21154
1.19501
1.19602
1.19154
1.20491
1.20989
1.21658
1.19531
1.18909
1.19991
1.19922
1.18247
1.17268
1.16446
1.17082
1.18431
1.18442
1.18738
1.1841
1.18791
1.19101
1.1798
1.18116
1.17093
1.15866
1.16797
1.1699
1.17213
1.18416
1.18554
1.18968
1.18285
1.19048
1.18539
1.18387
1.17047
1.17331
1.18203
1.18912
1.19116
1.19737
1.19338
1.18835
1.19166
1.1903
1.17494
1.174
1.17236
1.17219
1.18671
1.19045
1.19507
1.18352
1.19707
1.20467
1.18835
1.19059
1.17777
1.17262
1.17423
1.17777
1.20003
1.19716
1.19157
1.18107
1.19207
1.19021
1.18399
1.17291
1.15657
1.16001
1.18592
1.18486
1.17861
1.17797
1.18337
1.19045
1.1916
1.17239
1.16663
1.16706
1.15111
1.17062
1.17789
1.18314
1.16999
1.17789
1.16663
1.17826
1.1825
1.16505
1.15744
1.15976
1.16848
1.18936
1.19772
1.18273
1.18017
1.18871
1.19009
1.19338
1.18971
1.17033
1.1744
1.17572
1.17896
1.19483
1.19382
1.17771
1.19347
1.19207
1.19829
1.19695
1.17434
1.17056
1.17566
1.18244
1.18768
1.19213
1.19139
1.18744
1.19683
1.20129
1.1916
1.17589
1.17731
1.17196
1.18586
1.19249
1.18983
1.19335
1.18844
1.1893
1.18927
1.19671
1.18478
1.17185
1.16825
1.17607
1.19018
1.1968
1.18871
1.18369
1.18844
1.19062
1.18927
1.1903
1.17045
1.17196
1.17494
1.17589
1.19018
1.18264
1.16936
1.18163
1.18877
1.17994
1.18099
1.1668
1.15321
1.16638
1.17339
1.19039
1.17737
1.1885
1.17962
1.18583
1.18936
1.18302
1.17916
1.16658
1.16074
1.1746
1.17904
1.18706
1.18145
1.17561
1.17659
1.19593
1.18358
1.16192
1.16598
1.15274
1.16922
1.17425
1.17374
1.17423
1.17713
1.16922
1.17486
1.17852
1.17059
1.15746
1.15155
1.15596
1.17624
1.18262
1.20624
1.23074
1.21004
1.21381
1.18603
1.18247
1.18633
1.18486
1.19946
1.20446
1.18724
1.18577
1.1885
1.18986
1.19871
1.19382
1.17414
1.1746
1.16822
1.18326
1.19638
1.1957
1.1911
1.19501
1.19367
1.19811
1.1948
1.18759
1.1713
1.18419
1.19877
1.19799
1.20652
1.19668
1.1875
1.19641
1.19832
1.19347
1.20153
1.1888
1.18697
1.188
1.20162
1.20424
1.19895
1.18847
1.19172
1.19564
1.19486
1.19323
1.18539
1.18192
1.1827
1.19234
1.19985
1.1898
1.19163
1.18859
1.19856
1.19344
1.20039
1.17719
1.18533
1.17861
1.18317
1.19698
1.19626
1.1811
1.19302
1.19448
1.189
1.19071
1.18756
1.1776
1.18113
1.19665
1.19728
1.2057
1.19326
1.20054
1.20168
1.21624
1.20331
1.18709
1.17402
1.17927
1.17256
1.19332
1.19701
1.19677
1.19054
1.19009
1.20015
1.19483
1.18927
1.19255
1.17139
1.18894
1.20096
1.20012
1.20048
1.19976
1.19204
1.20253
1.20361
1.19856
1.17731
1.17176
1.18215
1.1863
1.20424
1.19555
1.19391
1.19928
1.18986
1.20207
1.20018
1.18821
1.17578
1.17661
1.20533
1.20186
1.20216
1.20895
1.19561
1.20706
1.19985
1.19626
1.19355
1.18238
1.18402
1.18765
1.19275
1.20201
1.20243
1.1974
1.20268
1.20752
1.19994
1.1988
1.18189
1.18
1.1856
1.19683
1.20727
1.1965
1.19436
1.19979
1.19994
1.21356
1.19611
1.17641
1.17276
1.18962
1.19358
1.20464
1.20455
1.19201
1.2018
1.20431
1.20591
1.19483
1.19056
1.17365
1.19148
1.18812
1.19805
1.2053
1.20785
1.1988
1.20843
1.2034
1.20346
1.18437
1.18043
1.17962
1.19051
1.19952
1.19635
1.20746
1.20114
1.19635
1.20063
1.20036
1.18489
1.18215
1.18624
1.19216
1.20509
1.20652
1.20322
1.19468
1.20247
1.20946
1.20642
1.18686
1.17213
1.17552
1.18557
1.20667
1.20876
1.20138
1.2024
1.20298
1.20548
1.20615
1.19522
1.18838
1.18029
1.1957
1.19602
1.19537
1.20222
1.19495
1.19113
1.20289
1.19124
1.19293
1.17968
1.17898
1.18104
1.18703
1.19686
1.19719
1.19486
1.18472
1.18571
1.21062
1.19192
1.18294
1.17578
1.17288
1.18075
1.19101
1.2073
1.19415
1.19269
1.19347
1.19943
1.19178
1.18227
1.17595
1.16564
1.18478
1.18038
1.19576
1.18276
1.1818
1.17566
1.20141
1.20162
1.19665
1.1767
1.17265
1.18247
1.17841
1.19305
1.18885
1.1863
1.19722
1.1924
1.19656
1.19355
1.18035
1.16717
1.17065
1.18299
1.19522
1.19793
1.19955
1.19355
1.19157
1.18906
1.19358
1.18662
1.17308
1.18189
1.1913
1.1979
1.20231
1.19755
1.18915
1.18422
1.1971
1.19611
1.18856
1.17377
1.18241
1.18125
1.19127
1.20337
1.20231
1.18688
1.18151
1.19516
1.1979
1.19228
1.18104
1.17296
1.17835
1.19261
1.19937
1.20331
1.18668
1.18533
1.20527
1.20069
1.18983
1.17641
1.18
1.18337
1.1856
1.19323
1.20916
1.19847
1.19931
1.20594
1.1982
1.18583
1.17826
1.17122
1.17291
1.1816
1.19662
1.19489
1.19077
1.18492
1.19439
1.19216
1.19281
1.17013
1.16499
1.15827
1.16791
1.1738
1.18361
1.18862
1.17546
1.18276
1.18965
1.17815
1.17581
1.15457
1.1633
1.16006
1.17342
1.17771
1.18334
1.17864
1.17159
1.19145
1.18058
1.17566
1.17291
1.16561
1.17119
1.18812
1.18419
1.17653
1.17391
1.17425
1.17371
1.17806
1.17777
1.16522
1.15006
1.17256
1.16316
1.17728
1.17951
1.17319
1.17711
1.19003
1.18154
1.18099
1.17595
1.15816
1.15819
1.15671
1.17391
1.17861
1.1798
1.16822
1.17861
1.17791
1.18835
1.16777
1.1585
1.16223
1.16276
1.17305
1.17786
1.16669
1.1809
1.17016
1.17225
1.1763
1.17136
1.16874
1.14904
1.16499
1.17065
1.18
1.1769
1.16071
1.16417
1.16774
1.17193
1.16627
1.14802
1.14269
1.14212
1.15507
1.16683
1.16962
1.16618
1.15906
1.17483
1.16474
1.15956
1.13882
1.14286
1.13189
1.1392
1.16189
1.16223
1.14594
1.15799
1.14863
1.14756
1.1513
1.14857
1.15906
1.16649
1.15064
1.15047
1.15448
1.15058
1.15113
1.16217
1.15493
1.14926
1.13112
1.13814
1.13446
1.15155
1.16175
1.15599
1.15518
1.15254
1.15813
1.15512
1.14945
1.13868
1.14166
1.15504
1.14142
1.16448
1.15973
1.15415
1.15
1.15618
1.16122
1.15507
1.14403
1.14261
1.13966
1.14449
1.15755
1.15498
1.15822
1.15465
1.1526
1.15973
1.1475
1.14545
1.13208
1.1296
1.13814
1.14616
1.15657
1.15652
1.15116
1.15349
1.15476
1.15515
1.15613
1.13704
1.13736
1.14376
1.15691
1.16632
1.16195
1.15182
1.15468
1.1631
1.17555
1.1597
1.14479
1.14772
1.14509
1.15122
1.16248
1.15802
1.1576
1.15794
1.16333
1.16085
1.15496
1.14671
1.14805
1.14643
1.15421
1.17248
1.1646
1.17242
1.16993
1.17105
1.16899
1.16658
1.16672
1.15691
1.13871
1.14937
1.15682
1.16327
1.16888
1.16482
1.15053
1.1646
1.16485
1.16627
1.15724
1.15296
1.15299
1.15822
1.17434
1.17282
1.16771
1.16962
1.17751
1.18282
1.17627
1.15903
1.14564
1.16026
1.16369
1.17216
1.17823
1.16791
1.16279
1.16953
1.1793
1.1713
1.15805
1.1539
1.15802
1.15721
1.1742
1.17757
1.16254
1.16409
1.16496
1.17354
1.17113
1.16434
1.14758
1.14291
1.15601
1.16644
1.17838
1.16951
1.16276
1.16446
1.16737
1.15878
1.17096
1.14687
1.14248
1.1421
1.15072
1.16259
1.16141
1.15521
1.16063
1.1559
1.16099
1.15833
1.1443
1.15196
1.14259
1.15238
1.16358
1.17067
1.15108
1.14932
1.1561
1.15872
1.15799
1.14414
1.13811
1.13448
1.15097
1.1526
1.15496
1.14976
1.1443
1.1478
1.14822
1.14463
1.14715
1.14207
1.14624
1.14662
1.14632
1.15454
1.15141
1.14406
1.13879
1.15646
1.15113
1.14477
1.13002
1.13266
1.13714
1.14833
1.15435
1.15213
1.13593
1.13229
1.14468
1.15044
1.14335
1.13181
1.12055
1.12671
1.1396
1.15067
1.14553
1.13585
1.13218
1.14403
1.14288
1.13532
1.12655
1.1266
1.13285
1.13013
1.14395
1.14643
1.14329
1.13785
1.12859
1.14978
1.13505
1.12816
1.12136
1.12779
1.12819
1.1434
1.14965
1.13679
1.13631
1.15124
1.15343
1.1494
1.14643
1.1382
1.14109
1.14493
1.15822
1.15872
1.15127
1.13208
1.14558
1.14761
1.15149
1.14965
1.13952
1.13882
1.1365
1.15003
1.14956
1.14981
1.14006
1.14052
1.15094
1.15152
1.14728
1.14351
1.13061
1.13237
1.14693
1.14553
1.14515
1.14079
1.13599
1.13373
1.14455
1.14981
1.14406
1.13933
1.14504
1.14879
1.16234
1.15113
1.14196
1.1406
1.13993
1.14671
1.15185
1.14161
1.13368
1.13682
1.14373
1.1431
1.15354
1.14201
1.1383
1.13424
1.14956
1.14163
1.16091
1.13178
1.1422
1.14357
1.15296
1.15033
1.15482
1.14846
1.1392
1.15307
1.15668
1.16136
1.14012
1.13133
1.13863
1.15149
1.15576
1.14468
1.14386
1.14031
1.14441
1.14863
1.14561
1.14452
1.12684
1.13615
1.1431
1.14597
1.15799
1.1463
1.13626
1.13607
1.14866
1.14918
1.14786
1.1358
1.13077
1.13446
1.14717
1.15199
1.14564
1.134
1.13698
1.14569
1.14444
1.14871
1.13101
1.12573
1.13242
1.14098
1.14158
1.13952
1.13357
1.13379
1.13801
1.14761
1.13639
1.12628
1.11597
1.12893
1.13518
1.13408
1.13272
1.12671
1.12365
1.13013
1.13432
1.13857
1.12562
1.12254
1.12824
1.14297
1.1518
1.14425
1.14131
1.13798
1.14838
1.15196
1.15086
1.14242
1.12339
1.12565
1.13269
1.14438
1.13884
1.13373
1.12599
1.13653
1.13971
1.13591
1.12814
1.13224
1.11459
1.12147
1.13944
1.13464
1.12811
1.12822
1.12228
1.13037
1.13427
1.12339
1.12084
1.11659
1.11408
1.12402
1.12446
1.12544
1.12236
1.12205
1.12602
1.1365
1.14123
1.12665
1.12092
1.12247
1.12391
1.1332
1.13545
1.12562
1.12147
1.11522
1.12824
1.12373
1.11452
1.10926
1.09898
1.10226
1.12076
1.12304
1.12095
1.11201
1.1237
1.13347
1.1265
1.11961
1.11434
1.11579
1.11794
1.14335
1.14589
1.1392
1.15825
1.17308
1.1421
1.14857
1.13293
1.12341
1.12454
1.13397
1.13674
1.15105
1.13626
1.13612
1.14466
1.14657
1.14463
1.13666
1.12771
1.13298
1.13403
1.13847
1.15855
1.14066
1.13949
1.14343
1.14665
1.14452
1.13865
1.13226
1.12573
1.13857
1.1406
1.14523
1.13957
1.13671
1.13427
1.14929
1.1443
1.13833
1.12144
1.1222
1.12315
1.1347
1.14125
1.14172
1.12901
1.13357
1.13141
1.1344
1.13109
1.11909
1.11421
1.12
1.13034
1.13725
1.13218
1.12299
1.13026
1.13898
1.13677
1.13301
1.12581
1.11328
1.12045
1.11579
1.13387
1.13671
1.12917
1.11883
1.13389
1.13288
1.13609
1.12899
1.11768
1.1132
1.12518
1.132
1.13264
1.13258
1.12968
1.1284
1.1351
1.1383
1.12872
1.11701
1.11747
1.13157
1.14199
1.15216
1.14731
1.13032
1.13556
1.1475
1.16018
1.15017
1.14709
1.14717
1.14509
1.1592
1.16556
1.17202
1.16581
1.16136
1.17713
1.18116
1.1707
1.15468
1.15152
1.15169
1.16729
1.174
1.17965
1.16276
1.17107
1.16939
1.16706
1.16828
1.1644
1.15593
1.15044
1.15841
1.17334
1.18262
1.17578
1.16936
1.18235
1.18381
1.17405
1.17025
1.16175
1.1571
1.16051
1.18183
1.17997
1.17803
1.16285
1.1676
1.17517
1.17699
1.16916
1.15133
1.14695
1.15585
1.16085
1.17045
1.1678
1.15268
1.15749
1.16973
1.15094
1.1544
1.1409
1.13446
1.13422
1.14003
1.14362
1.14188
1.13459
1.13032
1.15218
1.1478
1.1386
1.12907
1.12668
1.13069
1.13561
1.1365
1.1344
1.13572
1.13264
1.13556
1.13782
1.13556
1.12168
1.13018
1.11899
1.12113
1.14204
1.12946
1.14278
1.13125
1.13863
1.13825
1.13314
1.12732
1.11836
1.11836
1.13024
1.12787
1.13298
1.12681
1.12515
1.12486
1.12499
1.13034
1.12528
1.11395
1.11091
1.10906
1.12349
1.12689
1.12555
1.1215
1.11501
1.11805
1.12205
1.10581
1.10297
1.10597
1.10279
1.11901
1.11175
1.11638
1.10335
1.11266
1.11711
1.11392
1.11235
1.10775
1.10431
1.10335
1.10074
1.11631
1.12084
1.10729
1.10788
1.11019
1.11781
1.11638
1.11168
1.09867
1.102
1.09961
1.11558
1.12194
1.11083
1.10801
1.12089
1.12893
1.12032
1.12042
1.10714
1.10829
1.11602
1.11558
1.11966
1.11415
1.10584
1.1134
1.11328
1.11833
1.11867
1.11418
1.105
1.10642
1.11503
1.11974
1.12354
1.1161
1.11695
1.1181
1.13232
1.12753
1.11701
1.11011
1.11114
1.11537
1.12381
1.12336
1.11346
1.11584
1.12045
1.11628
1.12642
1.12323
1.11361
1.11615
1.11906
1.12352
1.12525
1.12763
1.1271
1.12864
1.13029
1.1232
1.13074
1.11348
1.11667
1.11859
1.12642
1.12819
1.12323
1.1161
1.11693
1.13628
1.13588
1.12822
1.11956
1.10849
1.1126
1.1305
1.1313
1.12173
1.1116
1.1134
1.11268
1.12576
1.12504
1.11119
1.10173
1.11628
1.1087
1.11612
1.12525
1.11579
1.1075
1.12231
1.12134
1.12079
1.11794
1.1038
1.09572
1.10019
1.11423
1.11547
1.11121
1.1108
1.10722
1.11493
1.11792
1.10934
1.09729
1.09487
1.09918
1.09968
1.10462
1.10903
1.08445
1.08797
1.09587
1.10599
1.10001
1.08394
1.0804
1.08111
1.09612
1.10885
1.10221
1.10589
1.09497
1.10147
1.1035
1.11039
1.09998
1.08627
1.09329
1.09429
1.09915
1.10089
1.09956
1.08975
1.09307
1.09198
1.09795
1.08787
1.07814
1.08499
1.08661
1.08858
1.09792
1.10127
1.09007
1.09071
1.10269
1.09933
1.08605
1.07882
1.07335
1.08235
1.08047
1.09173
1.08519
1.08108
1.07508
1.08038
1.07957
1.08335
1.07097
1.06995
1.07308
1.08128
1.08903
1.08267
1.08467
1.07645
1.0814
1.09472
1.078
1.07669
1.06242
1.06766
1.07447
1.07807
1.07788
1.07062
1.07167
1.07647
1.08678
1.0794
1.07573
1.06747
1.07347
1.07855
1.07284
1.07933
1.08499
1.07667
1.07124
1.08649
1.07817
1.08123
1.06232
1.05583
1.05988
1.06714
1.07143
1.07188
1.06239
1.06686
1.06731
1.07938
1.07265
1.06728
1.07623
1.12891
1.10109
1.10553
1.09123
1.0925
1.10104
1.10178
1.09312
1.09582
1.08152
1.09031
1.09619
1.09923
1.10604
1.10411
1.10183
1.10645
1.10686
1.10358
1.09637
1.08947
1.08313
1.09704
1.11415
1.10765
1.11286
1.09933
1.10205
1.10332
1.10145
1.10011
1.08932
1.08553
1.08526
1.10155
1.11431
1.10561
1.09242
1.09427
1.09542
1.10213
1.11093
1.08918
1.0921
1.09352
1.09185
1.10482
1.09699
1.08713
1.08942
1.09599
1.09317
1.09612
1.09091
1.08315
1.08779
1.09183
1.09524
1.09898
1.10454
1.09315
1.10213
1.10218
1.09577
1.09996
1.09632
1.09622
1.0927
1.10152
1.10716
1.10297
1.10523
1.09677
1.10264
1.10681
1.10345
1.09777
1.09692
1.10145
1.10347
1.11669
1.10368
1.10416
1.09951
1.10304
1.11553
1.09699
1.09462
1.09898
1.09494
1.10173
1.11328
1.10865
1.09669
1.09945
1.09837
1.10205
1.11418
1.10168
1.09474
1.09499
1.10218
1.10297
1.10916
1.10145
1.10426
1.10607
1.11137
1.1077
1.10122
1.0916
1.09424
1.10178
1.09958
1.11662
1.10737
1.10908
1.10213
1.12591
1.118
1.10454
1.10175
1.10924
1.11191
1.12034
1.11721
1.12273
1.10279
1.10826
1.11472
1.10934
1.10469
1.09622
1.1077
1.10001
1.10082
1.11008
1.10831
1.1018
1.11346
1.10724
1.09594
1.09961
1.09981
1.09422
1.0979
1.10072
1.10985
1.11106
1.1018
1.10132
1.10947
1.11805
1.10355
1.10024
1.10034
1.10393
1.10312
1.10241
1.10284
1.10072
1.09564
1.10317
1.10632
1.10401
1.09489
1.098
1.0991
1.10701
1.10965
1.1087
1.10388
1.1016
1.09782
1.11302
1.10921
1.09682
1.09654
1.09654
1.10342
1.10655
1.11134
1.09454
1.09066
1.10259
1.10622
1.11883
1.11279
1.10276
1.09747
1.10188
1.10505
1.10965
1.11078
1.11026
1.10001
1.10901
1.10274
1.10434
1.09938
1.09041
1.09529
1.105
1.10525
1.09649
1.08514
1.09324
1.09489
1.0987
1.09492
1.09292
1.08881
1.08696
1.0921
1.09427
1.09394
1.08649
1.09026
1.08868
1.08602
1.08915
1.09367
1.07679
1.07914
1.09175
1.08821
1.10026
1.09069
1.09026
1.09285
1.10294
1.09958
1.09677
1.09337
1.09091
1.09905
1.09422
1.09724
1.09727
1.08848
1.09168
1.10102
1.09888
1.09449
1.08792
1.08693
1.08654
1.09467
1.10459
1.09956
1.09652
1.0889
1.09434
1.10561
1.10246
1.09041
1.09324
1.09158
1.0994
1.1097
1.10373
1.1033
1.0991
1.09297
1.10962
1.09988
1.10709
1.09051
1.09657
1.10518
1.11114
1.10635
1.0984
1.09815
1.10003
1.10622
1.10627
1.09699
1.09587
1.08809
1.10811
1.10254
1.10513
1.10908
1.09302
1.09449
1.09971
1.10322
1.0993
1.09971
1.08401
1.09402
1.09945
1.09732
1.09004
1.09604
1.09131
1.09494
1.09787
1.09898
1.09262
1.09026
1.08787
1.09111
1.10302
1.0897
1.08565
1.09527
1.08705
1.10406
1.08396
1.08629
1.08977
1.09074
1.08715
1.10426
1.08925
1.08276
1.09019
1.08873
1.09609
1.09277
1.09111
1.08502
1.08595
1.08477
1.1037
1.10155
1.09193
1.09444
1.09562
1.11078
1.10393
1.10024
1.10363
1.09145
1.08585
1.09727
1.09517
1.09607
1.0844
1.08772
1.0873
1.08374
1.10072
1.08001
1.08084
1.07938
1.08787
1.08982
1.08713
1.08094
1.08529
1.09292
1.08994
1.09252
1.08531
1.07819
1.08357
1.08836
1.09956
1.08629
1.09262
1.07195
1.07771
1.08384
1.07532
1.07066
1.06752
1.06676
1.07455
1.08935
1.08101
1.07788
1.06926
1.07363
1.08111
1.08035
1.07921
1.07255
1.06553
1.06136
1.07623
1.07696
1.05836
1.06105
1.05743
1.0643
1.06648
1.06919
1.05501
1.05483
1.05818
1.07155
1.07739
1.07496
1.06461
1.06369
1.06952
1.07462
1.07351
1.06244
1.05585
1.05139
1.07195
1.0648
1.06012
1.06216
1.05769
1.05513
1.06272
1.06797
1.06052
1.05801
1.05573
1.06468
1.06572
1.06272
1.06612
1.06122
1.04733
1.05944
1.05636
1.05615
1.04831
1.04691
1.04389
1.05953
1.05921
1.05446
1.05205
1.08455
1.07994
1.04065
1.03591
1.02735
1.03468
1.03647
1.04612
1.03871
1.04389
1.04027
1.03379
1.04002
1.04964
1.04464
1.03746
1.03491
1.03272
1.05409
1.04386
1.04305
1.04854
1.05164
1.04787
1.0555
1.04897
1.05033
1.04441
1.04282
1.04943
1.06089
1.04964
1.04845
1.04282
1.04868
1.04948
1.05848
1.04948
1.04719
1.05024
1.0492
1.05883
1.06246
1.05113
1.05155
1.06392
1.06489
1.06821
1.05829
1.04228
1.05215
1.05977
1.06816
1.05897
1.0562
1.0466
1.05799
1.06122
1.05741
1.0552
1.0481
1.05569
1.05169
1.06555
1.06513
1.05134
1.06105
1.05797
1.06988
1.0699
1.06492
1.05925
1.05427
1.0586
1.0657
1.07371
1.0585
1.05024
1.05864
1.0693
1.06714
1.06492
1.0509
1.05504
1.05182
1.0593
1.06352
1.06409
1.05164
1.05541
1.05925
1.06847
1.067
1.05755
1.06527
1.05918
1.06473
1.07057
1.06759
1.06686
1.06005
1.05752
1.07575
1.0675
1.06312
1.06223
1.05604
1.06068
1.06752
1.07306
1.06976
1.06277
1.06731
1.06914
1.07826
1.06838
1.06176
1.06605
1.06702
1.07188
1.07532
1.0689
1.07172
1.06769
1.08033
1.07597
1.07186
1.07742
1.06869
1.06809
1.0693
1.07839
1.07095
1.06688
1.07614
1.08548
1.08357
1.0765
1.06811
1.06949
1.07081
1.07897
1.08098
1.08184
1.07938
1.07737
1.07323
1.0772
1.07327
1.07397
1.0733
1.06522
1.06873
1.0739
1.0683
1.06712
1.06063
1.0679
1.06919
1.07342
1.06033
1.05911
1.05529
1.05778
1.06605
1.05704
1.05481
1.06251
1.05543
1.06593
1.06475
1.06322
1.0582
1.05406
1.06728
1.06757
1.07236
1.07375
1.05991
1.06681
1.06807
1.06532
1.06449
1.06785
1.06617
1.06572
1.07064
1.07747
1.06726
1.06885
1.06185
1.06546
1.06308
1.07117
1.06341
1.06049
1.05402
1.06195
1.07577
1.06842
1.06272
1.0694
1.07081
1.06849
1.07009
1.06352
1.0568
1.05925
1.05923
1.07402
1.07236
1.07114
1.07188
1.06487
1.07773
1.07587
1.06816
1.06776
1.05972
1.05974
1.07392
1.0666
1.06921
1.0578
1.07275
1.07414
1.07009
1.06885
1.06816
1.05869
1.06567
1.06724
1.07751
1.06603
1.06284
1.05583
1.0698
1.0752
1.07865
1.06223
1.06558
1.0608
1.07643
1.07855
1.06809
1.0772
1.07969
1.07829
1.08514
1.07785
1.07715
1.07539
1.08193
1.07672
1.09986
1.10246
1.09285
1.09958
1.09213
1.10193
1.09629
1.0927
1.09619
1.0922
1.0813
1.10988
1.11039
1.10676
1.10441
1.09885
1.10231
1.10648
1.1012
1.08264
1.08678
1.10322
1.10768
1.11377
1.10978
1.09817
1.10259
1.10745
1.10778
1.10444
1.09817
1.09862
1.09727
1.10082
1.11137
1.10926
1.10031
1.09419
1.08802
1.09499
1.09657
1.08597
1.08819
1.09108
1.0813
1.09719
1.09163
1.08583
1.08406
1.08413
1.08925
1.08683
1.07455
1.07126
1.07145
1.07621
1.0758
1.08352
1.09024
1.07407
1.08094
1.08878
1.08681
1.07788
1.07573
1.07529
1.07551
1.09188
1.0846
1.07977
1.07195
1.0857
1.08521
1.08296
1.07822
1.07119
1.07551
1.07004
1.07553
1.08169
1.07279
1.06847
1.07109
1.08069
1.08831
1.07991
1.07112
1.06385
1.06487
1.07549
1.08595
1.08123
1.06809
1.07282
1.07652
1.07991
1.08159
1.0778
1.07093
1.06303
1.07541
1.07633
1.07335
1.07243
1.07375
1.08055
1.07851
1.08546
1.07455
1.06693
1.06192
1.0661
1.07148
1.0796
1.07227
1.07009
1.06586
1.07054
1.07457
1.07318
1.06038
1.05242
1.0627
1.06633
1.06473
1.0786
1.06995
1.06726
1.07219
1.07846
1.07107
1.07033
1.06591
1.06178
1.07035
1.07967
1.07911
1.08206
1.07289
1.0795
1.07664
1.0644
1.06131
1.05671
1.0575
1.05629
1.07701
1.06923
1.06792
1.06477
1.06916
1.07708
1.07826
1.06591
1.05899
1.045
1.06164
1.06468
1.07038
1.06202
1.06657
1.05904
1.06494
1.06209
1.06319
1.04384
1.05019
1.04144
1.05958
1.05713
1.05097
1.05056
1.04432
1.05033
1.0549
1.04817
1.0445
1.04373
1.06265
1.08157
1.06336
1.05878
1.04676
1.05783
1.06054
1.05897
1.05972
1.04648
1.04653
1.05358
1.07239
1.07315
1.0657
1.05708
1.06054
1.05988
1.06567
1.05444
1.05746
1.05305
1.05666
1.06341
1.06997
1.06771
1.06007
1.06418
1.07097
1.071
1.06873
1.05664
1.05662
1.05792
1.06919
1.07112
1.06272
1.06176
1.06928
1.06973
1.07457
1.07383
1.06743
1.05462
1.06176
1.06589
1.07287
1.07484
1.06598
1.05739
1.07371
1.08089
1.07253
1.06012
1.05049
1.0589
1.0545
1.07657
1.07445
1.05676
1.06374
1.06726
1.07395
1.07258
1.06671
1.06541
1.06263
1.07614
1.07618
1.08725
1.07503
1.07577
1.07155
1.0815
1.08526
1.08992
1.08462
1.08038
1.07979
1.08033
1.0858
1.0874
1.07618
1.08267
1.08521
1.08853
1.08715
1.08242
1.07239
1.08028
1.07611
1.08871
1.08844
1.08152
1.0795
1.08364
1.08276
1.08965
1.07467
1.07645
1.07618
1.08494
1.09029
1.08866
1.08311
1.07938
1.08106
1.08691
1.09329
1.09785
1.07841
1.08782
1.08587
1.09344
1.09352
1.09017
1.08438
1.09639
1.10117
1.10383
1.10211
1.08649
1.08962
1.08632
1.10094
1.1054
1.0989
1.1035
1.09222
1.09898
1.10576
1.10006
1.09437
1.08952
1.08807
1.09747
1.10319
1.09915
1.09412
1.09339
1.10451
1.10566
1.10824
1.099
1.09617
1.09494
1.09956
1.10589
1.1086
1.1015
1.10069
1.09622
1.11003
1.10926
1.10388
1.08871
1.09307
1.10127
1.1036
1.10862
1.0981
1.09362
1.09397
1.10627
1.10919
1.09752
1.09218
1.10046
1.09384
1.09329
1.10375
1.10502
1.09419
1.1064
1.10266
1.10604
1.10335
1.09953
1.08782
1.09764
1.10464
1.10561
1.1096
1.09867
1.09883
1.10686
1.11485
1.09958
1.09883
1.08708
1.08659
1.09544
1.10543
1.10135
1.09574
1.09452
1.08541
1.09627
1.10355
1.07914
1.08198
1.08848
1.0922
1.09749
1.10173
1.09622
1.08984
1.09349
1.10175
1.10289
1.09692
1.09069
1.08816
1.09362
1.10276
1.10464
1.0988
1.10264
1.09569
1.10205
1.10345
1.09582
1.0916
1.08637
1.08774
1.09978
1.10898
1.10518
1.0928
1.08945
1.10205
1.10157
1.09664
1.08337
1.08096
1.08925
1.10436
1.10391
1.09935
1.10074
1.09687
1.09487
1.10477
1.10074
1.08612
1.0844
1.09332
1.09727
1.10082
1.10553
1.09634
1.09237
1.10233
1.11078
1.10844
1.09945
1.09562
1.0923
1.09622
1.10916
1.11875
1.10051
1.10137
1.10243
1.10352
1.10906
1.09782
1.0994
1.09322
1.0988
1.10597
1.11651
1.10469
1.10755
1.10773
1.1162
1.118
1.11423
1.10556
1.10474
1.10729
1.12388
1.13341
1.11964
1.11891
1.12748
1.12006
1.12636
1.13884
1.11431
1.10645
1.10757
1.11649
1.12978
1.12679
1.12325
1.11724
1.11786
1.12726
1.12552
1.12346
1.11537
1.11755
1.13443
1.13328
1.12992
1.12607
1.11545
1.1162
1.1305
1.13677
1.11935
1.11245
1.11664
1.11348
1.13256
1.12689
1.11206
1.11062
1.11253
1.12328
1.12168
1.12013
1.10464
1.10538
1.10441
1.11831
1.1126
1.11106
1.11338
1.11206
1.11291
1.114
1.11382
1.10087
1.10168
1.10895
1.10558
1.11828
1.1162
1.10416
1.09597
1.10264
1.11672
1.1064
1.0917
1.09572
1.09392
1.09938
1.10788
1.11212
1.10398
1.10094
1.10513
1.11057
1.11568
1.11242
1.10714
1.09061
1.099
1.11408
1.11493
1.11003
1.0981
1.10857
1.11387
1.11516
1.10765
1.09372
1.09138
1.09961
1.10019
1.11124
1.10594
1.09903
1.09981
1.10114
1.11423
1.11421
1.09837
1.09183
1.10942
1.10949
1.11875
1.10391
1.09918
1.099
1.10716
1.11501
1.11459
1.10604
1.10895
1.10676
1.1133
1.12037
1.12212
1.11191
1.09324
1.0985
1.12003
1.10975
1.10223
1.0983
1.10011
1.10724
1.10251
1.10796
1.10472
1.09178
1.09953
1.10924
1.11302
1.11206
1.09574
1.09672
1.09292
1.10855
1.11382
1.10597
1.09742
1.09452
1.09978
1.1034
1.10441
1.09372
1.09324
1.09487
1.1063
1.11193
1.10844
1.09629
1.09749
1.13024
1.121
1.0897
1.0814
1.08853
1.09056
1.09387
1.10034
1.09845
1.08955
1.08757
1.10513
1.09744
1.09557
1.08861
1.08245
1.09384
1.0985
1.10602
1.10337
1.10294
1.09845
1.10211
1.10497
1.09265
1.08681
1.08777
1.09255
1.10533
1.10696
1.1014
1.0993
1.09915
1.0987
1.10457
1.10135
1.09457
1.09111
1.0921
1.1038
1.12785
1.12003
1.09852
1.11008
1.10875
1.11279
1.11961
1.10617
1.10125
1.10936
1.12375
1.12631
1.11982
1.10137
1.10198
1.10162
1.11217
1.11695
1.10309
1.09362
1.11175
1.10952
1.12304
1.12181
1.11065
1.09562
1.10332
1.11343
1.11784
1.1078
1.1017
1.09805
1.09614
1.11021
1.11222
1.12481
1.10383
1.10594
1.1131
1.11351
1.12233
1.10097
1.10819
1.10926
1.11836
1.13005
1.11995
1.1168
1.11511
1.12883
1.13464
1.12475
1.12391
1.10957
1.10842
1.10911
1.1261
1.1241
1.12439
1.12121
1.1211
1.12867
1.12973
1.11237
1.11312
1.10653
1.11147
1.12037
1.12186
1.12081
1.11237
1.12594
1.12115
1.1343
1.12181
1.1222
1.1188
1.1161
1.1279
1.1237
1.13018
1.12578
1.12108
1.127
1.12032
1.11742
1.10576
1.09257
1.0985
1.10345
1.10714
1.1156
1.10975
1.1066
1.11592
1.11841
1.10259
1.09317
1.09554
1.09577
1.10719
1.1115
1.12591
1.11199
1.10642
1.11297
1.11003
1.12375
1.09996
1.09835
1.09447
1.10203
1.11938
1.12386
1.12016
1.10243
1.1169
1.11294
1.11985
1.09998
1.10586
1.10926
1.10314
1.11315
1.12692
1.11576
1.1199
1.12207
1.13066
1.12819
1.11677
1.0988
1.10044
1.10292
1.12115
1.12446
1.11519
1.1147
1.1075
1.12386
1.12494
1.10785
1.0984
1.09389
1.09817
1.11638
1.11101
1.12178
1.10737
1.11237
1.11685
1.11553
1.11636
1.10008
1.09951
1.09956
1.10829
1.1182
1.11573
1.11568
1.11917
1.11872
1.13548
1.1236
1.11008
1.10165
1.10543
1.11057
1.12462
1.12634
1.13074
1.12024
1.12262
1.12483
1.12275
1.10742
1.10132
1.10352
1.10683
1.11643
1.1182
1.12478
1.11646
1.11106
1.11514
1.11682
1.11441
1.10513
1.10785
1.09883
1.10814
1.11558
1.11353
1.11281
1.11024
1.11103
1.12037
1.11465
1.09682
1.09562
1.09539
1.10663
1.11114
1.11844
1.11204
1.10594
1.10957
1.12584
1.13026
1.10798
1.0871
1.08814
1.10335
1.10658
1.10688
1.10401
1.10064
1.09832
1.10949
1.10365
1.09928
1.08989
1.08642
1.0918
1.10162
1.10791
1.09875
1.10287
1.09622
1.11019
1.09802
1.093
1.08851
1.0876
1.08651
1.09739
1.10737
1.10734
1.10226
1.10077
1.10299
1.10632
1.10533
1.08563
1.08132
1.09399
1.09352
1.10256
1.11217
1.10221
1.09444
1.10363
1.10014
1.09634
1.09579
1.09427
1.09347
1.10347
1.10378
1.10625
1.10406
1.10314
1.09649
1.0993
1.10011
1.09943
1.08189
1.08597
1.08826
1.10046
1.10584
1.10513
1.09158
1.09507
1.10231
1.11029
1.09168
1.0892
1.08977
1.09785
1.10112
1.10408
1.10243
1.09669
1.09407
1.10358
1.10926
1.0978
1.08804
1.08377
1.0877
1.09213
1.10551
1.1066
1.09988
1.09452
1.10942
1.09961
1.10913
1.08676
1.09106
1.08708
1.09424
1.1017
1.09933
1.0918
1.09462
1.09382
1.09554
1.08386
1.08617
1.0669
1.07136
1.07902
1.09384
1.09185
1.08878
1.09086
1.08502
1.09056
1.10056
1.08318
1.07631
1.07323
1.08661
1.09242
1.08987
1.09847
1.08725
1.09577
1.09487
1.09044
1.07778
1.07843
1.07544
1.07215
1.08162
1.08421
1.09352
1.0833
1.08274
1.08651
1.08977
1.08084
1.06477
1.06468
1.06617
1.07558
1.07923
1.08152
1.08135
1.08913
1.09039
1.09255
1.08678
1.08254
1.06695
1.07496
1.08059
1.08779
1.0896
1.09991
1.08982
1.09807
1.09647
1.08345
1.07831
1.07195
1.06766
1.06911
1.08193
1.09066
1.093
1.08264
1.08499
1.08328
1.08171
1.08871
1.07498
1.05914
1.07282
1.08489
1.09155
1.08834
1.075
1.07725
1.0813
1.09652
1.08713
1.07558
1.06418
1.06807
1.10358
1.14578
1.11152
1.10911
1.10801
1.11204
1.10553
1.09165
1.09494
1.08878
1.09622
1.11163
1.11088
1.11206
1.09885
1.10482
1.10778
1.1149
1.10241
1.08834
1.09782
1.09292
1.10254
1.11886
1.11943
1.11325
1.11268
1.11917
1.11993
1.10988
1.09961
1.09812
1.10505
1.11297
1.12716
1.1205
1.11501
1.11682
1.12489
1.12647
1.1139
1.10125
1.09787
1.0989
1.12163
1.12981
1.12915
1.12102
1.1154
1.12233
1.11498
1.1098
1.11013
1.09644
1.09247
1.10281
1.11831
1.12194
1.11773
1.11914
1.13077
1.13234
1.12388
1.10716
1.1075
1.10747
1.1038
1.12806
1.12726
1.12843
1.12684
1.12721
1.13572
1.13229
1.12168
1.11896
1.10355
1.11423
1.12512
1.12907
1.12912
1.13237
1.13532
1.13887
1.13957
1.13173
1.11537
1.12404
1.1168
1.13136
1.13755
1.13947
1.13871
1.13679
1.13274
1.13863
1.1354
1.1194
1.11147
1.10474
1.11823
1.13226
1.13114
1.12713
1.12021
1.13117
1.13205
1.12832
1.1187
1.11698
1.1149
1.11418
1.13771
1.134
1.13371
1.1392
1.13408
1.14025
1.14877
1.13032
1.11789
1.11044
1.11959
1.13301
1.1365
1.14507
1.13733
1.14022
1.13874
1.13381
1.13256
1.12478
1.1168
1.11348
1.12713
1.1418
1.14115
1.1379
1.14346
1.14539
1.15061
1.14033
1.11977
1.11641
1.11852
1.11969
1.13925
1.14049
1.14693
1.13261
1.14212
1.14589
1.14978
1.13462
1.12814
1.13008
1.14313
1.14033
1.1463
1.13285
1.13857
1.1449
1.14071
1.14802
1.13532
1.12779
1.11768
1.12549
1.13545
1.14471
1.14569
1.14087
1.14009
1.14468
1.13793
1.13577
1.12631
1.11302
1.12152
1.13405
1.14147
1.14805
1.14324
1.14286
1.13685
1.1489
1.13874
1.13074
1.11797
1.1156
1.12562
1.13626
1.14384
1.14444
1.14715
1.13863
1.13882
1.14136
1.13644
1.12223
1.12328
1.11849
1.13293
1.14204
1.14248
1.14446
1.14267
1.14531
1.13261
1.12665
1.12189
1.12121
1.11917
1.13779
1.14049
1.14556
1.12994
1.13534
1.13518
1.13368
1.1317
1.12289
1.12199
1.1271
1.13993
1.14767
1.15304
1.13634
1.13379
1.14534
1.15022
1.13817
1.12341
1.12584
1.12483
1.13154
1.14474
1.13806
1.13472
1.13644
1.14001
1.14567
1.13061
1.12373
1.11057
1.11763
1.11925
1.13456
1.1362
1.13387
1.12877
1.13979
1.14471
1.13309
1.11542
1.10752
1.11886
1.11519
1.13162
1.13628
1.13615
1.13435
1.12671
1.13272
1.12576
1.1216
1.10699
1.11815
1.11485
1.12152
1.14196
1.14012
1.12721
1.1354
1.12872
1.14307
1.12843
1.12257
1.11815
1.11638
1.12843
1.14117
1.14446
1.14384
1.13395
1.14791
1.14044
1.1389
1.12378
1.11857
1.11729
1.12628
1.13636
1.14128
1.14433
1.14218
1.15435
1.14188
1.14068
1.12726
1.11969
1.12061
1.13013
1.14014
1.13755
1.14085
1.13803
1.14239
1.13395
1.12658
1.132
1.11893
1.11483
1.12063
1.12994
1.14264
1.13304
1.13852
1.13825
1.14915
1.14599
1.14764
1.13253
1.11773
1.13419
1.14106
1.14775
1.14822
1.15119
1.14161
1.15083
1.15741
1.14967
1.14212
1.13607
1.12944
1.14112
1.15557
1.16386
1.16032
1.15426
1.16212
1.16468
1.15992
1.13995
1.13868
1.13248
1.14704
1.15841
1.1719
1.17956
1.16788
1.17139
1.16029
1.16223
1.15116
1.14602
1.14248
1.151
1.16324
1.15942
1.16732
1.16714
1.16462
1.1624
1.16649
1.14693
1.1344
1.13833
1.13422
1.13811
1.1382
1.15086
1.14449
1.13325
1.12883
1.13162
1.12933
1.10678
1.10383
1.11498
1.11886
1.12814
1.13376
1.13456
1.12483
1.12869
1.13034
1.12748
1.12539
1.1097
1.1077
1.1215
1.13352
1.1257
1.12465
1.13306
1.12304
1.1324
1.13502
1.12215
1.11763
1.10581
1.11333
1.12286
1.12241
1.12957
1.12291
1.12536
1.13093
1.1271
1.1204
1.10074
1.10574
1.09387
1.10947
1.11121
1.11646
1.11359
1.1161
1.11688
1.11426
1.10617
1.09302
1.08913
1.09769
1.10716
1.11124
1.11727
1.11353
1.10497
1.11592
1.13776
1.13763
1.08913
1.08377
1.08733
1.09619
1.10862
1.11039
1.09754
1.10653
1.10926
1.09827
1.09232
1.0751
1.07299
1.0821
1.09222
1.10061
1.10337
1.09945
1.10332
1.1108
1.10104
1.10322
1.08928
1.086
1.08725
1.09589
1.09692
1.10413
1.09489
1.08994
1.10383
1.10824
1.10114
1.08519
1.09484
1.07836
1.09709
1.10967
1.10811
1.10396
1.10198
1.10112
1.1067
1.10347
1.10112
1.09242
1.08529
1.09677
1.10819
1.10837
1.11248
1.08937
1.11049
1.10673
1.11016
1.10302
1.09599
1.10112
1.11307
1.12344
1.12957
1.13847
1.13024
1.14245
1.14256
1.14275
1.13882
1.12089
1.11758
1.12665
1.14553
1.14463
1.15238
1.15735
1.15116
1.15582
1.16186
1.15365
1.14717
1.13548
1.13542
1.14226
1.16029
1.162
1.15532
1.14849
1.14212
1.16091
1.13763
1.13128
1.12549
1.12499
1.12365
1.13561
1.13529
1.13671
1.12252
1.13042
1.12811
1.13072
1.12383
1.11333
1.10289
1.11312
1.11566
1.12294
1.12341
1.11906
1.11501
1.11667
1.1116
1.10926
1.09637
1.0931
1.08851
1.09474
1.10297
1.10755
1.10589
1.10261
1.11465
1.11449
1.11927
1.10358
1.08733
1.08863
1.09707
1.09812
1.11212
1.10216
1.09704
1.10046
1.11524
1.11181
1.08536
1.08617
1.09007
1.09712
1.1107
1.11524
1.11188
1.09712
1.10962
1.11085
1.11742
1.10614
1.09046
1.08637
1.09614
1.10934
1.11459
1.10711
1.09434
1.09847
1.10218
1.10213
1.09242
1.09126
1.0772
1.08678
1.09382
1.09667
1.11114
1.10796
1.10122
1.10551
1.10464
1.10408
1.08284
1.07691
1.08617
1.09163
1.09108
1.10024
1.08705
1.0845
1.09141
1.09502
1.10039
1.0844
1.08457
1.08479
1.09369
1.0993
1.09935
1.10001
1.09482
1.09392
1.11302
1.10783
1.09454
1.07691
1.08457
1.08176
1.09903
1.09707
1.09185
1.086
1.09409
1.09004
1.09272
1.08691
1.08293
1.08472
1.09056
1.1012
1.09822
1.09845
1.10185
1.10533
1.10622
1.11057
1.09785
1.08045
1.08937
1.0924
1.09759
1.10878
1.1063
1.09943
1.10497
1.1035
1.11021
1.10401
1.08794
1.08286
1.09275
1.09322
1.1063
1.10271
1.11052
1.09993
1.10195
1.10983
1.10228
1.09549
1.08928
1.08622
1.10112
1.11271
1.11124
1.10683
1.10266
1.11191
1.12123
1.12102
1.11384
1.10041
1.10256
1.10342
1.10998
1.12362
1.11828
1.11204
1.11716
1.12486
1.11972
1.10988
1.09662
1.09644
1.092
1.11322
1.11114
1.11392
1.11571
1.10704
1.11387
1.1124
1.10952
1.09584
1.08752
1.09444
1.09188
1.11844
1.11493
1.11132
1.1116
1.11271
1.12029
1.11964
1.10673
1.11209
1.10929
1.13058
1.1362
1.13811
1.14066
1.12544
1.13558
1.1461
1.13288
1.13152
1.12631
1.1168
1.13226
1.13411
1.13446
1.13339
1.13181
1.13098
1.13489
1.14245
1.13093
1.12431
1.1257
1.12433
1.12933
1.14212
1.13936
1.13747
1.14193
1.1396
1.14022
1.1227
1.1242
1.11271
1.11922
1.12668
1.13414
1.13205
1.12925
1.11459
1.12581
1.13642
1.12286
1.11299
1.09925
1.10051
1.10497
1.12076
1.10739
1.11039
1.09155
1.08094
1.07802
1.07248
1.07491
1.07143
1.07212
1.06113
1.07836
1.07419
1.07385
1.07059
1.06907
1.07443
1.075
1.07676
1.05871
1.06348
1.05358
1.0738
1.0732
1.07544
1.06607
1.06171
1.07361
1.07378
1.06847
1.06515
1.04927
1.05409
1.06355
1.06364
1.06499
1.07392
1.06369
1.06435
1.06444
1.07143
1.04644
1.04339
1.05548
1.04801
1.06923
1.06461
1.06124
1.05939
1.05643
1.05673
1.05557
1.05049
1.05178
1.04241
1.05441
1.05706
1.05986
1.05583
1.05291
1.05185
1.05706
1.05611
1.06108
1.0546
1.0442
1.05077
1.06251
1.07083
1.07303
1.05925
1.05925
1.06966
1.07231
1.05713
1.05785
1.05272
1.05764
1.05883
1.06433
1.06952
1.05797
1.06127
1.0585
1.0689
1.07062
1.06451
1.04307
1.05102
1.05827
1.05822
1.05829
1.0559
1.0552
1.05067
1.06129
1.05715
1.04455
1.04806
1.05444
1.05949
1.07725
1.12061
1.09071
1.0924
1.10243
1.09652
1.09557
1.07894
1.07351
1.08975
1.08627
1.09222
1.09404
1.0893
1.08585
1.09349
1.10269
1.08975
1.07751
1.07846
1.07936
1.08298
1.0988
1.09938
1.09175
1.07906
1.09054
1.09567
1.09344
1.08094
1.07698
1.08809
1.08804
1.09529
1.09267
1.09714
1.0889
1.08691
1.10699
1.09427
1.08607
1.07631
1.07848
1.08836
1.08715
1.09317
1.09973
1.09327
1.09609
1.10024
1.09334
1.09857
1.0857
1.0788
1.08328
1.08799
1.09225
1.09537
1.09885
1.08913
1.10505
1.09432
1.09998
1.09494
1.08086
1.0794
1.09564
1.1063
1.1033
1.10254
1.0896
1.1063
1.10699
1.09895
1.09022
1.08259
1.0833
1.10041
1.09612
1.1051
1.10525
1.10796
1.10528
1.10895
1.10609
1.11011
1.10079
1.09822
1.10691
1.11599
1.1116
1.1096
1.10401
1.10451
1.11338
1.12165
1.10893
1.09822
1.10477
1.09519
1.10431
1.12549
1.11248
1.10798
1.10003
1.10816
1.12006
1.11434
1.10454
1.09883
1.10724
1.10077
1.11431
1.11607
1.11946
1.11019
1.10839
1.11408
1.10778
1.093
1.09775
1.08989
1.102
1.11506
1.11366
1.1176
1.11488
1.11263
1.11289
1.10819
1.102
1.10574
1.09081
1.10155
1.10264
1.121
1.11716
1.10924
1.11467
1.11909
1.12257
1.11875
1.10988
1.11566
1.10696
1.12811
1.12605
1.12581
1.12523
1.12102
1.13422
1.13768
1.13688
1.12607
1.10936
1.11615
1.11862
1.12296
1.13184
1.13314
1.12415
1.13144
1.12777
1.12769
1.12087
1.11452
1.1097
1.11612
1.12339
1.1215
1.11888
1.1134
1.12011
1.12803
1.12994
1.11206
1.10274
1.10686
1.10365
1.11727
1.12533
1.12489
1.11467
1.12499
1.1312
1.13176
1.11459
1.10898
1.10591
1.11165
1.11449
1.12367
1.12591
1.13914
1.1161
1.12053
1.11646
1.1252
1.10819
1.10264
1.11268
1.1077
1.11831
1.13173
1.12872
1.11516
1.12994
1.12676
1.11289
1.1134
1.11485
1.1054
1.10995
1.13208
1.1199
1.1288
1.12931
1.13903
1.12925
1.1205
1.12597
1.10711
1.10709
1.10747
1.11909
1.12202
1.12294
1.13266
1.1252
1.13328
1.12231
1.11839
1.11193
1.10342
1.10757
1.12029
1.11776
1.12859
1.12763
1.12676
1.1216
1.12835
1.11628
1.09983
1.10676
1.10507
1.11677
1.11675
1.13128
1.13822
1.12803
1.12346
1.12247
1.11224
1.10485
1.09812
1.10696
1.11844
1.13133
1.12697
1.1232
1.12375
1.12323
1.13
1.12102
1.10658
1.10223
1.11276
1.10403
1.12544
1.12808
1.13005
1.12628
1.12663
1.12486
1.11719
1.10495
1.10319
1.10451
1.10821
1.11462
1.12176
1.12496
1.12478
1.11797
1.12157
1.12489
1.11052
1.10056
1.09604
1.10378
1.11291
1.11527
1.12176
1.11656
1.11854
1.12496
1.1222
1.11792
1.10872
1.10711
1.10727
1.10993
1.12944
1.12362
1.11912
1.11289
1.11459
1.12252
1.11859
1.10363
1.08701
1.09714
1.10044
1.12431
1.12071
1.12325
1.1231
1.11956
1.11532
1.1147
1.10533
1.09925
1.10135
1.10637
1.1168
1.11852
1.11509
1.11403
1.11784
1.11457
1.11716
1.11088
1.09275
1.09382
1.09509
1.10972
1.1116
1.11982
1.12928
1.11483
1.11183
1.11852
1.10368
1.10003
1.1076
1.09797
1.10563
1.11496
1.12467
1.12027
1.11685
1.11078
1.11134
1.10978
1.09049
1.08905
1.09074
1.09544
1.10304
1.10839
1.11356
1.09742
1.09865
1.09624
1.09682
1.09168
1.08691
1.08563
1.0889
1.10688
1.11444
1.10978
1.10426
1.10821
1.09862
1.10439
1.09953
1.08448
1.08556
1.09083
1.09759
1.11178
1.10178
1.10523
1.09988
1.1063
1.09672
1.09522
1.0752
1.08096
1.0805
1.08521
1.09512
1.10019
1.08918
1.10319
1.10614
1.10011
1.08765
1.08499
1.07829
1.07315
1.08296
1.0926
1.08975
1.09118
1.09044
1.08752
1.0844
1.0847
1.07747
1.06581
1.07195
1.08167
1.08789
1.10594
1.09319
1.093
1.09639
1.10622
1.08765
1.08291
1.06669
1.06506
1.07635
1.08284
1.0833
1.09709
1.08308
1.0896
1.09153
1.11714
1.12231
1.08757
1.08619
1.08693
1.10467
1.10783
1.10594
1.10747
1.10454
1.09852
1.09857
1.09432
1.08982
1.08762
1.09382
1.10785
1.11091
1.10462
1.10269
1.11413
1.1065
1.10791
1.09724
1.09966
1.09562
1.10444
1.11098
1.1274
1.13045
1.1347
1.12331
1.13101
1.12299
1.11511
1.10449
1.1075
1.11403
1.12129
1.13208
1.12228
1.13024
1.11789
1.12647
1.11714
1.12491
1.10591
1.10867
1.10266
1.11625
1.12391
1.12489
1.12157
1.12281
1.12027
1.1257
1.12986
1.1096
1.10049
1.10152
1.10967
1.12692
1.12808
1.13941
1.1351
1.13906
1.12835
1.13677
1.13395
1.12024
1.12296
1.13688
1.13871
1.1446
1.14728
1.13814
1.14294
1.14583
1.14014
1.13779
1.12544
1.12202
1.12191
1.13679
1.14256
1.14411
1.14117
1.14446
1.14569
1.14646
1.14245
1.12391
1.12037
1.11888
1.13272
1.14297
1.13876
1.13593
1.13341
1.13181
1.14526
1.13884
1.12431
1.11946
1.1155
1.13224
1.12386
1.1406
1.13575
1.13221
1.13483
1.14212
1.13064
1.13066
1.11452
1.11403
1.11175
1.13685
1.1358
1.14155
1.13771
1.13887
1.14153
1.13405
1.12952
1.1187
1.11818
1.11797
1.13128
1.1347
1.13331
1.12584
1.13178
1.14237
1.13497
1.13208
1.114
1.11828
1.11175
1.13144
1.1308
1.13494
1.13836
1.12994
1.13018
1.1332
1.13045
1.11173
1.1063
1.11446
1.10563
1.13411
1.13298
1.1266
1.12692
1.12296
1.12663
1.1304
1.11467
1.10724
1.10464
1.1181
1.12058
1.12766
1.12333
1.12785
1.1313
1.13048
1.12941
1.11852
1.10993
1.10507
1.11516
1.13272
1.13213
1.13098
1.13064
1.13631
1.13298
1.1308
1.12843
1.11369
1.11605
1.11948
1.11899
1.12378
1.13893
1.13612
1.13157
1.13548
1.12605
1.12671
1.11191
1.10594
1.10803
1.12465
1.12584
1.13178
1.13615
1.1205
1.13717
1.12816
1.11701
1.11242
1.10816
1.11656
1.11428
1.12787
1.12835
1.13333
1.12365
1.12386
1.12512
1.11839
1.10594
1.10883
1.09397
1.11114
1.11049
1.12165
1.11106
1.12289
1.11747
1.12391
1.11431
1.11516
1.09777
1.09499
1.10079
1.10003
1.12092
1.11426
1.10903
1.11444
1.11127
1.11779
1.11758
1.10459
1.10249
1.10426
1.10352
1.11222
1.11483
1.10087
1.11356
1.11181
1.11891
1.10365
1.10322
1.09267
1.09883
1.09484
1.11909
1.11844
1.11509
1.11457
1.11152
1.11917
1.11716
1.11439
1.09257
1.10006
1.10908
1.11348
1.11501
1.1161
1.11509
1.12105
1.11768
1.11592
1.10752
1.09993
1.10919
1.10203
1.11532
1.11714
1.11685
1.10259
1.10993
1.11235
1.11351
1.10479
1.10256
1.10087
1.10875
1.10709
1.11807
1.11369
1.11248
1.10581
1.11802
1.11919
1.10556
1.09832
1.09247
1.09519
1.10294
1.10304
1.1108
1.10332
1.0991
1.10806
1.11196
1.10691
1.09295
1.09059
1.09312
1.10837
1.10872
1.11127
1.10426
1.1034
1.1097
1.10785
1.10358
1.09961
1.09379
1.09597
1.08989
1.10653
1.11322
1.09822
1.09991
1.09524
1.10637
1.10418
1.10226
1.08656
1.08123
1.09627
1.09419
1.10213
1.1035
1.09482
1.09582
1.09647
1.1018
1.0924
1.08455
1.08799
1.08568
1.09051
1.10097
1.09494
1.09322
1.09002
1.09489
1.0984
1.09707
1.08497
1.07754
1.09059
1.08955
1.10678
1.09991
1.09519
1.09242
1.08213
1.08688
1.09632
1.07105
1.08101
1.08482
1.09918
1.10681
1.10949
1.10099
1.11359
1.1014
1.11003
1.10474
1.08499
1.08479
1.07904
1.08171
1.08157
1.08962
1.08738
1.08955
1.098
1.09477
1.08506
1.09262
1.07043
1.0772
1.07172
1.0786
1.08318
1.08047
1.08001
1.07253
1.08404
1.08497
1.07347
1.0607
1.05548
1.06895
1.06764
1.07246
1.07645
1.0787
1.07459
1.07253
1.08284
1.08516
1.07356
1.06225
1.06075
1.07167
1.08247
1.08362
1.08568
1.08123
1.08637
1.08807
1.09327
1.07021
1.0704
1.0596
1.07347
1.07761
1.08418
1.07892
1.07512
1.06959
1.08096
1.07948
1.06752
1.05673
1.05885
1.05995
1.07582
1.09417
1.10775
1.07587
1.08184
1.08738
1.09012
1.07902
1.06664
1.06964
1.08703
1.08738
1.09354
1.08792
1.08829
1.08413
1.09163
1.08982
1.08504
1.08661
1.0794
1.08035
1.08967
1.0926
1.08994
1.0813
1.0857
1.08989
1.0923
1.09417
1.08335
1.08883
1.09282
1.09757
1.102
1.09709
1.08708
1.09569
1.09205
1.10317
1.10576
1.09267
1.09454
1.08883
1.09118
1.10147
1.09689
1.0897
1.09359
1.09168
1.10205
1.09404
1.08816
1.08359
1.08433
1.08831
1.09477
1.09597
1.10031
1.08895
1.09225
1.10775
1.10342
1.10084
1.09349
1.09594
1.09835
1.10413
1.10403
1.10233
1.10345
1.09472
1.10569
1.10165
1.09732
1.09394
1.09245
1.09754
1.10373
1.11325
1.10459
1.0982
1.09782
1.0988
1.10839
1.10505
1.09752
1.09116
1.09359
1.09857
1.09805
1.1035
1.10533
1.09459
1.09384
1.10668
1.09664
1.09357
1.09915
1.08898
1.0981
1.10538
1.10375
1.10183
1.09096
1.10094
1.10878
1.10957
1.09822
1.09898
1.10155
1.1016
1.11163
1.10243
1.09943
1.105
1.093
1.10798
1.11232
1.1035
1.09324
1.09148
1.0923
1.09737
1.10655
1.10223
1.0978
1.10084
1.11379
1.11312
1.11377
1.09827
1.10398
1.10474
1.11659
1.1141
1.11307
1.10082
1.10279
1.10581
1.11602
1.10765
1.10271
1.09612
1.09587
1.09785
1.1049
1.10064
1.09772
1.09905
1.10507
1.10337
1.10241
1.09559
1.09732
1.09674
1.10127
1.1037
1.10931
1.09537
1.09689
1.09014
1.10875
1.10406
1.10396
1.08757
1.09014
1.09945
1.10352
1.09971
1.10198
1.0982
1.09484
1.09873
1.11157
1.0991
1.08666
1.09026
1.08982
1.10122
1.09807
1.09624
1.08829
1.08337
1.10173
1.09667
1.1015
1.09367
1.09071
1.08846
1.09732
1.10049
1.1019
1.09337
1.09377
1.09342
1.11093
1.09467
1.09362
1.09374
1.09193
1.10533
1.10421
1.10942
1.09574
1.09123
1.10396
1.10459
1.10474
1.10001
1.09609
1.09472
1.09827
1.0985
1.10757
1.0978
1.09569
1.09504
1.10525
1.10342
1.10284
1.08223
1.09522
1.08703
1.09587
1.10418
1.10026
1.09544
1.0924
1.09414
1.09687
1.09592
1.09622
1.09165
1.08814
1.09795
1.10221
1.10006
1.09382
1.08367
1.09208
1.09424
1.09422
1.09447
1.08076
1.07909
1.08984
1.09988
1.09674
1.09133
1.07505
1.0844
1.09747
1.09123
1.09344
1.07727
1.08457
1.09322
1.09205
1.09547
1.09707
1.08504
1.07987
1.09165
1.10668
1.08888
1.08247
1.09918
1.09467
1.10046
1.10505
1.0892
1.08252
1.08079
1.10008
1.0985
1.09424
1.09479
1.09218
1.09329
1.10337
1.10523
1.08735
1.08132
1.08807
1.09883
1.08898
1.0927
1.08408
1.09148
1.08639
1.09787
1.09404
1.08713
1.08634
1.08164
1.08298
1.0892
1.09785
1.09245
1.07877
1.089
1.0894
1.09076
1.0892
1.0759
1.08091
1.07938
1.09079
1.09502
1.08426
1.08169
1.08128
1.08359
1.08997
1.09319
1.07243
1.06871
1.08016
1.08284
1.08733
1.0871
1.08189
1.07373
1.07955
1.08001
1.07251
1.0759
1.07155
1.06216
1.07303
1.08715
1.07604
1.08223
1.06933
1.07294
1.0752
1.08457
1.07858
1.07083
1.06261
1.08335
1.08617
1.07991
1.08086
1.07426
1.07609
1.07739
1.08323
1.08186
1.07597
1.07071
1.07652
1.07945
1.08967
1.07836
1.0745
1.08196
1.07558
1.08826
1.08004
1.07231
1.06352
1.06122
1.06792
1.08558
1.08191
1.07744
1.07303
1.07481
1.08047
1.08269
1.07858
1.07306
1.0644
1.07181
1.07375
1.0714
1.06797
1.06127
1.07342
1.07399
1.07279
1.07054
1.06084
1.0666
1.06094
1.071
1.06904
1.06232
1.06477
1.06204
1.06615
1.07117
1.06157
1.06336
1.05342
1.05846
1.06329
1.06553
1.05187
1.04411
1.05215
1.05358
1.06063
1.07105
1.05629
1.04639
1.04765
1.05979
1.06136
1.06494
1.05351
1.05541
1.05212
1.06348
1.06
1.06581
1.0501
1.05766
1.0586
1.06826
1.06418
1.06263
1.0509
1.05939
1.07129
1.06176
1.06338
1.05143
1.04341
1.05783
1.06272
1.09349
1.09227
1.05918
1.07332
1.07371
1.06902
1.06544
1.06096
1.06605
1.07397
1.08701
1.08448
1.07294
1.06873
1.07275
1.08271
1.08418
1.06705
1.06577
1.0657
1.0844
1.07783
1.0889
1.08284
1.07028
1.07534
1.0858
1.08602
1.08218
1.07599
1.07447
1.07892
1.09272
1.0823
1.07582
1.07577
1.08369
1.08543
1.08118
1.08276
1.06959
1.07411
1.07989
1.08198
1.08514
1.07923
1.08235
1.07325
1.07459
1.08782
1.09312
1.08201
1.08103
1.08792
1.0915
1.08232
1.08642
1.08735
1.07834
1.08908
1.09022
1.08878
1.08171
1.07438
1.08738
1.08497
1.09059
1.09509
1.09014
1.08189
1.08257
1.08871
1.09007
1.08784
1.08101
1.09034
1.08834
1.08428
1.08696
1.08318
1.08787
1.08755
1.09534
1.0924
1.09905
1.09412
1.08551
1.0877
1.09509
1.09524
1.09374
1.08445
1.08644
1.08413
1.10304
1.09855
1.08519
1.07977
1.08408
1.09602
1.09319
1.08994
1.08428
1.07744
1.08193
1.09612
1.09587
1.0926
1.08228
1.08548
1.08602
1.10135
1.09557
1.09193
1.09173
1.09474
1.10635
1.09729
1.09569
1.08839
1.09096
1.08494
1.1035
1.09637
1.08627
1.08701
1.09096
1.09116
1.10929
1.09307
1.08587
1.08411
1.08455
1.08903
1.08772
1.093
1.08162
1.09272
1.10122
1.1078
1.10082
1.09237
1.09714
1.09434
1.11145
1.10254
1.09457
1.09532
1.09494
1.09602
1.11003
1.10089
1.09609
1.09629
1.09017
1.09883
1.10127
1.09722
1.09002
1.09121
1.08416
1.09913
1.08646
1.08318
1.08462
1.08514
1.09297
1.09342
1.09066
1.08811
1.07512
1.08536
1.09029
1.08262
1.08416
1.07686
1.08362
1.0834
1.09235
1.09022
1.08863
1.08669
1.08301
1.09993
1.10021
1.08364
1.08213
1.08619
1.08597
1.10579
1.0928
1.09126
1.09644
1.09752
1.08888
1.09662
1.09208
1.09609
1.08489
1.08755
1.09532
1.09739
1.10261
1.09524
1.09574
1.09327
1.10778
1.10302
1.0891
1.08831
1.09812
1.09777
1.10054
1.09489
1.089
1.08863
1.09966
1.09039
1.08972
1.09504
1.08681
1.08516
1.08247
1.08614
1.09472
1.09674
1.0821
1.08457
1.09327
1.0858
1.09542
1.07606
1.07756
1.07684
1.093
1.09602
1.09812
1.08362
1.07989
1.09111
1.08895
1.08416
1.09066
1.0894
1.08021
1.08462
1.08374
1.0893
1.08179
1.08718
1.0794
1.09193
1.08762
1.07655
1.07693
1.08489
1.08651
1.08086
1.08624
1.07776
1.07872
1.08952
1.09757
1.09747
1.08858
1.08455
1.07778
1.08957
1.08607
1.09215
1.08965
1.08411
1.08484
1.09399
1.09213
1.09227
1.08661
1.08563
1.08556
1.09898
1.09539
1.09324
1.08362
1.0859
1.09707
1.08987
1.09617
1.0895
1.08992
1.08844
1.08506
1.09138
1.09071
1.08809
1.08848
1.0924
1.09862
1.09759
1.09644
1.10034
1.08622
1.0857
1.09832
1.09225
1.08489
1.09111
1.08619
1.08708
1.09704
1.09153
1.0694
1.08201
1.08055
1.09519
1.09532
1.08477
1.07938
1.07938
1.09374
1.08935
1.08999
1.07294
1.07817
1.08642
1.09079
1.09242
1.08418
1.08125
1.07819
1.08895
1.08868
1.08634
1.08541
1.0858
1.07674
1.0874
1.08592
1.08276
1.07493
1.07814
1.07565
1.07138
1.08745
1.06404
1.05792
1.06249
1.06731
1.06916
1.07904
1.07342
1.07681
1.06845
1.07397
1.08445
1.0679
1.06371
1.05492
1.07491
1.07114
1.07294
1.06778
1.06705
1.06899
1.0757
1.07696
1.06077
1.05625
1.05143
1.05748
1.06897
1.05759
1.06404
1.05529
1.05035
1.07188
1.06716
1.06059
1.06108
1.04787
1.05393
1.06907
1.06218
1.05627
1.06178
1.05685
1.06636
1.06508
1.07102
1.05268
1.05376
1.04998
1.06167
1.06518
1.06383
1.05369
1.05047
1.05718
1.05409
1.0498
1.04822
1.0375
1.03986
1.05618
1.05229
1.06487
1.05881
1.05732
1.04902
1.06148
1.05485
1.05495
1.04486
1.0504
1.05448
1.06565
1.0596
1.05963
1.05104
1.05005
1.0552
1.05136
1.0585
1.03663
1.03239
1.04198
1.03966
1.04982
1.04852
1.04489
1.04135
1.049
1.06084
1.07428
1.06923
1.0518
1.06232
1.06788
1.06272
1.04904
1.05525
1.06897
1.06291
1.06275
1.06322
1.05017
1.04916
1.06169
1.06655
1.06059
1.06437
1.05539
1.05991
1.06409
1.0635
1.06052
1.05162
1.06475
1.06014
1.06949
1.07359
1.05692
1.05286
1.05925
1.06762
1.06012
1.06745
1.05233
1.05697
1.06103
1.06702
1.06326
1.05998
1.04685
1.0582
1.06648
1.06054
1.06206
1.05636
1.05587
1.05599
1.06631
1.05634
1.05339
1.05655
1.05918
1.06797
1.06437
1.06221
1.06138
1.05413
1.05848
1.0593
1.07363
1.06633
1.06593
1.05862
1.06416
1.07834
1.06992
1.06681
1.05541
1.05918
1.06456
1.06923
1.068
1.06643
1.0643
1.07016
1.06978
1.06802
1.07582
1.06061
1.05328
1.07074
1.06995
1.07198
1.066
1.06038
1.05662
1.06738
1.06664
1.06911
1.05469
1.04957
1.06256
1.08218
1.0688
1.05981
1.06454
1.06312
1.06802
1.07243
1.07385
1.06532
1.06169
1.05951
1.0727
1.07014
1.06541
1.06113
1.05797
1.06562
1.07014
1.07138
1.05806
1.06484
1.06209
1.07205
1.07897
1.06969
1.07546
1.0715
1.0675
1.07282
1.07556
1.07402
1.06258
1.06414
1.0738
1.08548
1.07855
1.06804
1.06769
1.0699
1.07081
1.06985
1.06985
1.06764
1.06138
1.07023
1.07655
1.07522
1.07457
1.07872
1.07054
1.07616
1.07822
1.07911
1.07236
1.06738
1.07021
1.06935
1.07894
1.0709
1.08004
1.07378
1.07669
1.07258
1.07921
1.06712
1.07277
1.06849
1.07496
1.07117
1.07686
1.06466
1.06838
1.07469
1.07133
1.07766
1.07064
1.06263
1.0578
1.06383
1.07325
1.07419
1.06873
1.05685
1.05867
1.07157
1.06983
1.06103
1.06253
1.05358
1.06235
1.06548
1.07119
1.06926
1.06702
1.06317
1.06546
1.0635
1.07279
1.06265
1.0604
1.07031
1.06026
1.07243
1.06997
1.06536
1.06235
1.07243
1.07059
1.06679
1.07
1.05701
1.06508
1.07609
1.06904
1.08067
1.07267
1.07541
1.06935
1.07421
1.07994
1.07318
1.06719
1.07342
1.07754
1.08703
1.08206
1.07452
1.08057
1.0684
1.07974
1.07669
1.07117
1.07515
1.06973
1.07737
1.07551
1.0788
1.07411
1.07083
1.06762
1.0732
1.07705
1.06589
1.06838
1.06052
1.06338
1.07335
1.07426
1.07289
1.06045
1.06726
1.06047
1.07778
1.0752
1.06167
1.05829
1.06428
1.06769
1.06935
1.06992
1.06705
1.06869
1.07043
1.06392
1.07023
1.07038
1.06
1.0546
1.06529
1.06859
1.07085
1.07148
1.0665
1.07819
1.08154
1.07616
1.06242
1.06014
1.06484
1.07169
1.0764
1.07496
1.06864
1.06949
1.07805
1.07848
1.08069
1.06885
1.07318
1.07407
1.0661
1.07366
1.08101
1.0803
1.07599
1.08086
1.09407
1.08863
1.07459
1.06593
1.06923
1.0739
1.07734
1.08028
1.07839
1.0639
1.07618
1.07953
1.07945
1.07809
1.06503
1.06712
1.06747
1.07335
1.06555
1.07792
1.06864
1.06399
1.06005
1.068
1.07078
1.06265
1.05233
1.05212
1.06612
1.06773
1.07019
1.06061
1.05757
1.06204
1.06792
1.07205
1.0684
1.07303
1.06261
1.05981
1.07263
1.06921
1.06807
1.06461
1.06764
1.06155
1.07078
1.06558
1.06503
1.05902
1.05328
1.06484
1.07191
1.06416
1.05963
1.05316
1.06197
1.07239
1.05874
1.05594
1.04653
1.05867
1.0597
1.06204
1.05804
1.0575
1.05157
1.06345
1.06312
1.05923
1.0512
1.04577
1.05356
1.05189
1.05755
1.05532
1.05286
1.05379
1.05506
1.05662
1.05972
1.04762
1.04452
1.04717
1.0607
1.06819
1.06331
1.05776
1.05822
1.06077
1.06778
1.05998
1.05935
1.05093
1.044
1.04973
1.05928
1.06268
1.05699
1.05307
1.05876
1.05097
1.0492
1.03661
1.04006
1.02938
1.03135
1.03622
1.03889
1.04314
1.03493
1.04266
1.04703
1.04765
1.04101
1.03082
1.02841
1.03007
1.03272
1.04355
1.04783
1.03364
1.03301
1.04135
1.04153
1.03858
1.04198
1.02654
1.03546
1.03341
1.04678
1.05265
1.04824
1.04126
1.04047
1.05806
1.04838
1.03346
1.02861
1.02647
1.04477
1.04787
1.04395
1.06256
1.07977
1.05051
1.05785
1.05645
1.03321
1.036
1.0524
1.04169
1.051
1.0533
1.04495
1.05339
1.05192
1.0631
1.04877
1.04081
1.04112
1.0391
1.05164
1.05113
1.06019
1.04962
1.04845
1.0612
1.06077
1.05553
1.04582
1.04934
1.04336
1.04753
1.05534
1.05977
1.05711
1.0545
1.06484
1.06221
1.06341
1.05813
1.05074
1.05298
1.05592
1.06232
1.06068
1.07546
1.05839
1.05597
1.06407
1.06695
1.05764
1.05846
1.05734
1.05949
1.06421
1.06783
1.07558
1.06952
1.05818
1.06897
1.06577
1.07243
1.06014
1.06378
1.05397
1.06826
1.06506
1.06605
1.06289
1.05508
1.06113
1.07038
1.07162
1.05367
1.05956
1.05393
1.05418
1.06529
1.07038
1.06366
1.06066
1.06826
1.071
1.06928
1.06957
1.06061
1.05455
1.06484
1.07877
1.07308
1.07708
1.06261
1.06454
1.0704
1.06902
1.0683
1.06235
1.05662
1.06529
1.06657
1.07224
1.07157
1.07715
1.08057
1.07498
1.07325
1.07885
1.06669
1.067
1.06291
1.06499
1.06916
1.07296
1.07181
1.06792
1.07363
1.07347
1.07105
1.07033
1.06138
1.06397
1.0652
1.07059
1.07419
1.06395
1.06762
1.06693
1.0758
1.06942
1.07004
1.05173
1.05902
1.06169
1.06643
1.06797
1.08033
1.06411
1.07069
1.07561
1.07263
1.07016
1.06176
1.06178
1.06045
1.06942
1.08033
1.07282
1.07763
1.07227
1.07296
1.07035
1.07164
1.06807
1.06553
1.0688
1.06814
1.07033
1.07749
1.06499
1.07684
1.06475
1.07836
1.0751
1.07212
1.07033
1.06667
1.07081
1.08113
1.08076
1.08605
1.07933
1.07824
1.08355
1.08829
1.07472
1.0669
1.06995
1.0688
1.07069
1.07725
1.08421
1.06942
1.075
1.07174
1.07045
1.06617
1.06423
1.06589
1.06544
1.06788
1.07875
1.07911
1.07464
1.07088
1.07431
1.06454
1.07275
1.07031
1.05967
1.06228
1.06145
1.07248
1.08157
1.07457
1.06624
1.0693
1.08089
1.07672
1.07129
1.06681
1.06253
1.0698
1.07672
1.08274
1.089
1.07972
1.08045
1.0856
1.0751
1.06823
1.06301
1.06411
1.06928
1.0758
1.0803
1.07846
1.0834
1.09061
1.08755
1.08846
1.07676
1.06724
1.06489
1.07426
1.08289
1.08487
1.07476
1.08369
1.06838
1.08254
1.07848
1.07176
1.07023
1.05727
1.06364
1.07023
1.07812
1.0823
1.07865
1.08108
1.08526
1.08225
1.0765
1.06923
1.06762
1.06449
1.0726
1.0726
1.07546
1.07902
1.07696
1.08698
1.07563
1.06869
1.06949
1.067
1.0694
1.06536
1.06945
1.07713
1.08565
1.08602
1.07858
1.07982
1.08079
1.07693
1.0666
1.06598
1.06279
1.07148
1.0846
1.08587
1.07965
1.08157
1.07967
1.08098
1.067
1.06688
1.05839
1.0705
1.07872
1.08492
1.08533
1.08482
1.07875
1.07877
1.07865
1.07967
1.0704
1.07007
1.0721
1.07549
1.08186
1.07953
1.08191
1.07977
1.07836
1.07892
1.0738
1.06244
1.06343
1.05448
1.07375
1.07191
1.0765
1.07279
1.07633
1.0698
1.07035
1.07241
1.0559
1.05395
1.06374
1.05256
1.0579
1.06256
1.06169
1.06218
1.05629
1.06859
1.067
1.06023
1.05532
1.0608
1.0558
1.06213
1.07129
1.0674
1.0679
1.07486
1.07064
1.06395
1.06555
1.06468
1.0558
1.05028
1.05652
1.06244
1.06738
1.06466
1.06529
1.06926
1.06596
1.0669
1.05876
1.0533
1.04881
1.05664
1.0627
1.05939
1.06702
1.05518
1.07524
1.06251
1.06061
1.05012
1.05127
1.04302
1.05541
1.06084
1.05892
1.05956
1.05349
1.04776
1.0684
1.05427
1.05312
1.05328
1.04849
1.04714
1.05529
1.06726
1.06581
1.06021
1.06555
1.06366
1.06489
1.07265
1.06246
1.05072
1.05349
1.06007
1.06899
1.07085
1.06508
1.05818
1.06907
1.07363
1.07181
1.06383
1.05229
1.05559
1.06221
1.07195
1.07052
1.06878
1.06466
1.07452
1.07033
1.07455
1.05944
1.05277
1.04994
1.05822
1.06883
1.07152
1.07169
1.06063
1.06286
1.07556
1.06773
1.05956
1.04847
1.05594
1.05504
1.06442
1.07002
1.07686
1.07219
1.06969
1.06648
1.0796
1.07582
1.#INF
