190.89
196.79
196.675
198.23
196.8
200.635
200.155
200.645
198.28
196.565
197.36
199.34
200.75
198.595
198.15
197.67
199.525
202.435
201.515
198.53
198.665
198.5
199.16
199.61
199.015
197.095
197.8
200.05
201.8
203.345
203.16
200.705
201.745
203.9
204.06
202.445
202.425
201.185
203.175
205.07
206.75
205.34
203.06
202.56
202.07
204.23
204.695
203.99
203.495
204.745
207.355
207.965
207.695
205.63
201.29
203.34
204.865
204.71
204.905
202.94
204.525
207.25
208.895
209.015
206.66
204.195
203.53
205.83
206.41
204.245
205.23
204.715
207.605
208.725
208.795
209.525
207.235
204.115
206.27
207.945
207.1
204.57
207.09
207.01
210.32
211.325
209.66
205.835
206.095
206.39
207.21
207.84
206.735
205.85
207.47
210.475
211.895
208.64
206.91
206.69
206.79
207.805
208.145
207.76
207.705
207.735
207.88
210.46
210.745
208.49
205.83
209.4
208.25
209.635
208.555
207.7
208.13
211.26
210.98
211.355
210.33
208.5
210.8
210.275
210.125
208.47
208.485
210
212.23
212.86
215.41
214.12
211.45
210.58
211.08
210.735
212.575
210.995
211.285
213.015
215.645
215.56
214.76
213.615
210.47
211.19
213.17
212.02
212.48
211.775
214.235
216.235
217.53
218.235
213.81
212.955
212.715
212.74
213.68
212.88
212.62
214.55
217.525
217.63
217.53
214.425
213.68
213.145
213.7
213.115
212.465
212.805
214.285
215.745
216.285
217.135
216.715
213.135
211.65
213.015
213.645
213.63
212.94
215.61
212.845
216.2
215.835
214.935
213.295
211.665
212.435
212.985
212.63
212.155
211.95
213.22
216.13
218.74
218.03
213.885
212.6
213.965
212.735
212.695
210.605
213.615
212.105
215.945
216.15
215.735
213.44
210.31
212.865
211.105
211.515
212.89
211.185
212.61
215.4
215.305
216.575
214.025
212.335
213.22
213.19
215.22
212.515
211.13
214.13
213.37
215.87
216.495
215.815
210.43
212.525
211.73
213.095
213.155
210.595
213.29
214.01
215.135
217.735
216.245
215.135
213.27
212.18
212.485
212.315
211.93
212.235
214.385
217.185
216.345
215.79
215.86
211.365
210.855
214.055
212.595
213.41
212.82
214.64
216.57
219.165
216.9
213.95
214.07
211.785
211.2
212.015
212.145
213.04
212.99
214.975
216.01
215.47
214.24
212.555
212.45
212.245
210.08
211.72
211.3
211.31
213.245
212.945
216
215.995
213.76
211.055
210.06
211.065
210.55
211.055
210.515
212.215
215.315
215.695
215.355
213.92
211.96
211.485
211.665
213.33
211.505
211.69
213.495
214.795
216.08
215.26
212.83
211.105
210.925
210.58
211.71
210.01
209.815
210.125
211.48
215.68
214.17
212.455
209.665
208.805
208.855
210.06
210.53
209.055
210.69
213.05
214.685
214.365
214.455
211.925
210.955
212.54
214.84
213.85
213.77
212.86
215.675
216.9
218.4
216.695
216.105
213.68
213.365
215.19
212.545
213.995
213.48
214.79
217.15
218.42
219.105
214.655
212.88
213.42
214.46
215.11
213.445
212.625
215.495
217.17
217.065
218.45
216.115
214.79
213.955
215.3
216.75
214.76
212.76
213.795
218.32
219.125
220.165
218.9
217.68
214.815
214.04
213.425
214.985
213.885
217.25
217.23
219.72
221.18
220.985
218.58
216.78
214.78
215.1
215.875
215.71
216.845
215.165
219.47
220.25
220.515
219.81
218.04
215.91
215.705
215.6
215.755
216.48
216.68
219.75
222.245
221.85
221.05
219.41
218.865
218.31
218
218.39
217.81
219.545
222.01
224.025
225.79
223.95
221.15
219.555
218.45
219.415
219.815
219.69
218.895
217.26
221.47
225.62
223.8
220.91
219.495
221.27
222.36
220.945
220.35
222.175
226.205
224.77
225.605
223.06
220.615
220.94
219.785
220.52
220.24
220.25
221.365
222.96
222.315
221.98
222.485
218.685
219.22
218.225
218.92
217.09
218.95
220.61
221.55
224.865
226.04
223.525
222.085
220.355
219.415
218.92
218.635
218.15
220.22
221.06
226.145
224.705
224
222.175
221.195
217.895
220.715
218.285
218.455
218.645
222.585
223.55
224.095
223.965
221.445
219.45
217.325
217.62
218.37
217.985
218.085
218.21
222.505
223.245
220.185
221.59
217.93
216.93
216.2
217.835
217.74
218.97
218.565
220.34
219.795
222.05
220.52
218.42
217.38
216.605
217.325
217.095
216.905
218.8
218.94
221.11
219.895
220.515
218.085
216.645
216.61
216.255
214.285
215.175
215.955
217.965
219.905
220.15
220.43
216.385
216.095
215.66
214.81
214.115
212.57
214.825
214.865
219.105
220.065
218.605
217.42
216.2
214.625
214.945
215.865
214.585
216.69
217.795
217.945
220.465
220.95
218.91
215.95
214.41
214.465
215.645
213.02
214.845
213.505
218.37
221.065
219.455
217.885
216.36
215.84
215.045
216.25
215.37
215.32
215.45
216.68
218.14
220.15
219.84
215.195
215.125
214.445
217.155
215.17
216.505
215.725
216.52
218.71
219.565
217.865
215.615
215.325
214.045
213.4
215.04
215.725
213.615
215.69
217.125
220.515
219.155
216.21
214.73
214.77
214.555
214.915
215.47
215.67
215.875
217.945
220.33
219.09
219.69
217.085
216.24
216.515
215.56
216.86
216.79
215.82
217.305
220.03
222.145
219.045
219.145
217.585
217.46
216.67
216.165
215.51
217.95
218.68
219.96
221.825
220.61
218.81
216.605
217.005
215.83
216.34
217.04
216.715
216.15
220.23
221.805
219.62
218.615
215.905
214.79
215.695
215.325
213.955
214.01
216.45
217.41
218.45
218.565
217.26
216.915
215.55
214.935
214.525
214.87
216.01
214.625
215.415
218.105
218.215
219.07
216.535
215.915
214.255
217.935
219.265
217.335
217.38
219.875
222.26
223.255
222.275
219.94
219.95
219.335
219.935
219.005
218.6
220.705
220.33
222.405
224.395
222.975
222.465
221.875
219.995
219.52
218.585
220.19
218.96
219.695
220.035
222.385
221.68
220.53
219
218.725
217.59
218.57
219.32
218.67
218.84
221.395
221.58
221.955
222.045
219.27
218.905
218.035
219.765
217.95
216.525
219.25
219.14
221.435
222.27
221.87
221.535
217.325
217.695
218.795
220.475
218.34
218.935
219.475
221.44
224.67
224.055
219.225
219.545
220.34
220.78
219.59
218.365
217.91
221.53
222.5
222.195
225.235
221.51
220.295
219.11
221.29
220.135
221.98
220.09
219.16
222.36
223.905
223.54
221.915
218.26
216.79
219.46
219.88
218.4
218.095
217.49
218.08
221.84
220.69
220.53
220.08
216.995
217.425
220.185
217.765
217.49
216.685
216.96
221.02
221.46
220.64
219.26
218.335
217.57
217.485
218.275
216.73
215.565
217.41
220.34
219.915
220.875
218.525
217.08
217.46
216.865
217.805
217.55
217.635
216.29
218.25
220.595
221.035
219.65
217.12
216.125
217.38
218.395
217.445
216.935
217.495
217.24
220.57
220.515
219.485
219.86
216.85
218.465
220.75
218.56
217.23
218.5
218.65
221.09
223.665
221.265
219.765
216.925
219.285
217.265
218.935
217.94
217.21
218.58
219.205
221.35
222.665
220.135
219.365
217.89
218.86
220.02
219.84
216.62
218.585
222.715
221.925
224.36
221.525
220.745
221.135
220.93
220.675
222.265
221.14
220.515
222.045
224.44
225.605
224.73
221.41
219.99
217.145
210.805
214
213.515
218.485
219.175
218.085
218.485
215.94
215.03
217.89
218.01
217.915
217.645
215.945
216.825
220.205
220.205
221.5
218.86
216.395
216.76
217.235
216.625
217.01
216.135
216.93
217.93
220.68
218.2
215.815
215.815
214.53
216.155
217.635
216.15
215.95
216.615
215.105
217.205
217.885
217.38
215.19
214.715
215.575
217.43
216.9
216.05
216.3
216.705
217.845
218.72
218.725
216.845
215.505
217.315
216.975
217.21
215.72
216.29
215.555
219.525
218.085
219.16
218.175
215.905
216.175
219.14
216.85
216.745
217.63
217.51
217.925
219.745
219.235
216.66
216.455
215.045
217.06
215.72
215.82
213.29
215.27
218.095
220.485
219.725
220.86
217.1
216.43
216.34
217.54
217.525
215.865
216.665
217.555
217.06
220.785
217.54
215.41
215.63
215.7
215.71
217.255
215.54
215.33
216.1
220.125
220.78
218.99
218.34
215.075
216.515
216.79
215.63
217.355
214.975
215.3
217.745
219.8
219.515
214.805
215.16
214.87
213.92
216.075
214.47
215.745
216.225
216.78
218.61
218.17
217.77
216.835
215.095
214.995
215.985
215.005
214.165
215.53
215.64
218.595
219.14
217.74
216.16
214.145
215.765
216.465
215.305
215.44
212.785
216.06
219.32
220.005
216.985
216.315
214.42
214.365
216.46
214.72
214.475
214.11
215.995
216.565
219.72
216.58
217.43
215.355
214.23
213.71
215.64
213.555
214.625
214.395
218.04
218.405
218.905
216.875
215.27
215.86
213.955
215.11
215.65
214.745
215.03
217.63
217.91
217.29
216.265
213.875
213.87
214.555
215.96
214.87
213.565
214.055
217.435
220.385
219.585
217.705
214.185
213.83
215.12
214.86
214.745
214.07
213.96
215.61
216.835
218.15
215.58
215.555
215.465
214.3
215.445
216.11
213.97
215.82
215.485
217.645
218.055
217.67
216.655
214.845
214.62
215.2
217.05
216.94
212.525
215.905
217.435
218.82
219.405
217.85
216.08
213.3
215.65
215.925
215.775
214.615
215.98
217.68
218.67
220.335
217.2
218.065
215.29
217.635
217.99
219.1
214.675
214.34
215.3
218.74
219.565
217.795
218.405
215.725
216.265
217.22
215.025
216.285
215.515
216.15
218.4
220.815
220.225
217.705
215.71
215.155
214.795
216.05
216.405
216.89
215.995
217.165
219.78
218.085
216.3
215.42
214.295
215.37
216.815
217.555
215.475
215.55
216.885
219.64
217.855
218.525
216.685
214.3
214.725
217.55
218.3
215.72
215.35
216.725
218.53
219.96
218.815
216.8
215.275
214.97
217.615
218.015
214.375
215.355
217.52
219.64
219.51
218.67
218.57
216.955
214.395
216.225
215.935
214.925
216.33
218.32
219.83
221.325
220.85
219.105
216.685
216.885
218.12
218.745
217.32
217.465
217.635
221.895
222.62
224.245
222.435
221.355
219.6
218.735
221.165
219.705
218.5
220.85
220.975
225.05
222.96
223.785
221.09
220.395
219.355
220.465
221.31
218.105
219.72
220.4
221.23
222.32
221.12
218.59
218.87
220.58
221.115
220.845
221.02
220.405
220.375
222.6
225.285
221.25
222.815
220.6
220.025
221.22
220.42
218.105
219.725
219.53
220.6
223.705
223.65
223.825
220.675
219.7
219.665
221.43
219.63
219.8
218.06
221.81
223.345
222.86
222.665
220.775
219.89
221.95
219.505
221.26
220.955
220.2
221.03
221.48
224.89
222.06
221.405
219.45
219.915
223.01
222.335
221.475
220.75
221.795
224.965
226.39
226.435
224.01
221.885
221.515
222.1
223.275
220.715
222.205
223.405
227.745
226.57
229.385
227.545
223.6
223.43
226.515
224.295
225.805
226.16
225.25
225.775
224.945
221.295
224.51
224.44
223.585
224.2
223.47
221.76
222.985
223.76
227.52
226.3
226.865
223.515
221.605
222.885
222.6
223.345
222.24
222.95
223.845
225.56
225.25
222.535
225.015
220.69
221.805
222.745
223.325
222.15
221.02
222.18
224.175
224.585
224.82
223.97
221.565
221.885
221.265
221.675
222.335
220.785
223.08
223.805
225.96
226.425
224.98
223.345
221.4
221.64
222.585
222.065
222.125
221.795
221.76
225.115
225.445
223.825
221.73
219.855
220.66
222.865
222.33
220.665
218.79
221.46
224.145
223.59
224.21
222.885
220.905
221.77
221.665
221.565
220.595
221.125
222.36
223.615
223.59
223.775
222.285
219.105
220.41
219.115
219.4
219.205
220.005
220.18
220.415
222.15
225.645
223.44
221.995
221.065
219.915
220.41
223.12
220.78
220.425
220.405
221.95
222.47
222.585
221.715
218.83
218.855
220.01
219.565
217.88
217.275
218.255
221.38
224.02
221.24
220.48
219.12
218.045
219.585
220.83
219.51
217.83
219.37
221.815
222.62
221.91
222.095
218.975
218.27
221.215
220.93
220.835
219.4
219.73
220.815
223.855
224.79
222.37
220.625
218.42
220.045
221.025
220.965
220.2
221.575
219.84
224.085
225.1
225.04
223.575
221.265
221.525
222.635
222.045
222.67
221.73
222.015
225.015
223.49
225.21
223.185
221.04
219.97
223.7
224.16
223.005
222.505
222.505
225.245
226.255
227
223.74
223.595
223.01
224.03
224.875
224.075
224.1
224.575
224.305
225.155
224.69
224.21
224.185
223.125
223.61
224.99
225.86
222.7
223.47
225.01
227.805
227.25
226.545
224.14
223.17
223.49
226.54
227.33
224.945
223.695
225.1
227.05
229.34
228.01
225.53
223.455
224.49
226.185
226.98
224.565
225.085
226.145
228
228.08
226.785
227.295
224.59
224.075
224.66
225.865
227.305
223.115
225.975
227.265
229.215
227.325
227.11
224.66
223.48
225.75
225.95
223.23
222.385
223.385
223.915
225.71
224.995
224.48
221.865
221.475
223.135
226.78
223.89
223.73
222.915
223.22
225.215
225.395
225.475
223.03
223.015
223.15
225.025
224.78
222.785
222.68
223.45
224.31
226.785
226.155
223.625
223.66
223.76
224.79
225.44
225.7
224
223.13
223.94
224.7
223.66
222.895
220.39
222.5
224.325
224.625
224.41
223.355
222.33
224.21
225.91
225.145
223.74
224.035
221.755
223.885
224.56
225.415
222.645
224.155
220.645
226.065
224.09
223.53
222.02
222.435
221.735
222.705
224.685
222.08
221.5
220.605
224.495
226.28
225
222.365
221.535
223.595
224.125
224.69
223.675
223.085
223.715
223.995
227.335
225.4
224.125
223.41
221.415
223.69
225.27
225.255
222.91
222.705
223.255
225.295
226.185
225.615
222.88
222.185
223.62
225.61
225.225
223.51
223.58
222.78
226.02
227.415
225.605
224.015
223.825
224.365
225.56
225.34
224.555
222.51
224.695
226.77
228.81
226.34
225.12
225.225
225.53
226.68
227.12
225.645
225.22
224.6
227.115
227.71
226.45
224
222.11
223.605
224.355
224.9
222.92
222.18
222.34
224.04
227.7
227.11
225.865
223.5
224.38
225.48
227.045
224.93
224.53
225.265
226.62
225.9
229.465
227.955
224.52
225.6
226.795
226.955
227.98
226.42
225.78
228.2
228.255
228.94
229.785
227.87
227.645
227.5
228.225
228.375
227.59
225.455
224.44
227.37
228.65
228.425
227.88
226.23
225.91
227.865
228.785
229.805
227.31
228.375
230.19
231.21
233.085
232.725
228.83
228.455
229.165
230.705
228.88
226.98
228.21
229.6
230.565
230.595
229.91
225.05
224.605
225.665
223.45
219.89
225.35
224.715
227.68
229.415
228.35
226.995
226.39
223.455
226.07
226.135
224.68
224.29
224.575
225.865
227.71
226.75
226.375
225.66
221.665
225.305
225.52
224.885
224.055
224.395
225.755
226.615
228.145
225.26
225.305
224.305
225.375
225.915
226.42
223.715
224.535
225.725
229.06
228.755
228.945
226.08
225.295
224.98
227.635
226.76
227.095
226.415
226.835
229.31
230.29
229.375
227.085
225.885
227.03
228.975
227.52
225.845
226.295
226.825
228.33
230.93
229.03
230.315
226.605
225.955
227.555
229.52
226.46
226.81
226.15
227.61
229.66
230.375
228.14
226.395
226.535
226.495
226.97
227.28
225.705
225.35
227.38
229.14
229.45
226.595
224.57
222.625
223.565
226.89
225.74
223.52
220.985
223.155
223.065
223.31
223.58
221.05
219.76
218.865
219.765
220.665
217.915
217.01
219.055
221.78
222.71
222.29
219.585
218.5
217.85
220.435
218.92
219.615
219.645
219.44
220.395
221.615
222.855
221.15
218.685
217.11
218
219.33
216.835
216.605
218.42
219.025
220.555
221.505
220.665
217.055
217.465
217.66
220.38
219.64
218.385
218.13
219.185
222.775
223.46
221.96
220.865
219.26
219.945
222.6
221.835
219.525
223.015
222.32
224.85
226.105
226.31
224.99
224.44
224.66
226.16
227.41
223.33
223.945
225.995
227.585
228.375
227.39
226.43
226.255
226.465
226.13
226.755
226.01
225.74
226.1
228.605
227.235
229.59
229.06
224.95
227.82
225.155
227.495
226.51
226.72
227.92
228.715
230.3
230.12
227.315
227.56
226.54
227.16
227.775
227.42
227.355
226.235
227.45
229.47
230.41
230.26
227.51
226.875
226.93
228.01
229.145
228.56
227.555
231.155
231.385
231.135
231.71
228.545
229.795
229.17
231.7
230.2
229
229.675
230.06
230.875
231.52
231.96
232.345
229.375
228.635
231.235
231.45
230.6
229.215
229.32
230.56
233.315
232.525
232.77
229.645
228.515
231.085
231.415
228.975
227.3
229.205
229.055
231.935
231.61
229.96
229.995
229.44
230.43
231.97
230.535
230.62
229.365
229.63
230.315
232.085
232.045
230.16
229.185
228.68
230.095
230.2
229.48
226.575
227.785
229.68
231.275
231.105
230.035
228.33
228.375
230.485
229.845
229.36
229.95
227.895
228.85
230.565
230.165
229.595
228.775
228.165
227.895
227.765
227.855
227.325
228.655
227.39
230.67
230.125
229.735
228.285
228.01
228.92
230.475
229.905
226.535
226.42
228.025
229.41
231.33
231
227.275
227.045
228.835
230.665
230.565
230.745
227.93
228.335
230.915
232.88
229.8
231.41
229.97
228.635
229.985
231.875
229.045
229.17
229.155
229.98
232.79
234.195
233.255
230.505
230.265
231.26
231.23
231.95
230.26
229.645
231.475
233.98
234.655
233.785
233.575
232.63
231.555
236.62
235.855
233.985
232.29
233.25
236.285
237.22
237.335
233.805
231.31
232.785
231.99
234.305
233
232.41
231.03
232.885
235.88
234.56
234.4
233.22
232.975
233.01
235.055
234.395
234.715
233.46
235.475
237.395
235.91
235.57
235.11
233.175
232.68
234.75
234.63
232.03
232.775
235.455
237.075
238.28
236.34
236.775
234.145
235.72
236.52
237.77
236.815
236.91
235.795
238.515
239.18
238.355
236.65
234.66
236.115
235.745
237.295
236.235
233.495
236.895
237.185
239.93
239.31
237.495
237.1
236.74
238.32
238.38
237.05
235.095
236.625
237.535
239.36
238.135
237.07
238.195
237.03
235.76
238.09
238.79
235.795
237.14
236.58
241.16
242.09
241.46
239.8
238.63
238.235
240.765
239.79
239.625
237.44
238.715
239.67
238.91
225.905
231.295
230.59
233.575
233.08
231.055
230.95
232.735
232.015
235.24
233.6
232.07
231.315
230.11
230.32
231.13
230.39
230.32
230.995
232.325
233.9
234.87
232.44
228.83
230.065
229.24
231.535
230.985
230.745
230.955
231.26
233.48
234.37
234.555
231.125
228.61
230.505
233.125
232.555
232.675
230.95
229.515
233.98
233.26
232.845
233.34
230.64
232.44
234.395
233.84
232.4
233.035
231.955
233.4
235.125
233.97
233.255
232.61
231.705
230.805
232.89
231.18
231.1
232.505
231.83
232.205
232.465
233.4
231.73
230.53
231.565
231.2
232.705
231.74
230.94
231.57
232.835
233.185
232.015
231.595
229.38
231.705
231.62
232.77
231.93
229.625
233.33
233.785
232.725
233.82
232.29
229.96
230.86
233.28
232.7
233.075
232.445
229.815
232.44
233.82
233.7
232.14
232.025
230.65
232.055
231.55
231.205
230.14
230.825
232.17
234.28
233.93
232.26
232.585
229.415
231.34
230.545
232.3
227.43
228.68
231.695
232.375
231.075
230.675
228.89
229.65
228.245
232.66
231.365
230.37
231.135
232.255
233.505
231.615
233
233.01
230.96
231.325
232.465
230.385
231.375
233.68
233.24
233.35
234.275
233.74
233.08
231.275
230.93
232.815
232.86
231.19
229.3
232.41
233.065
233.195
232.445
232.565
232.505
232.07
232.69
233.69
232.085
231.415
231.93
233.39
232.88
232.72
231.02
230.655
230.83
231.745
232.245
232.985
229.98
230.86
233.385
233.4
233.05
231.685
230.94
229.695
233.04
234.03
231.66
231.005
228.55
229.875
231.775
232.935
231.77
231.165
229.785
229.855
229.735
231.94
230.19
231.29
231.205
232.015
234.02
232.75
230.885
230.865
232.52
234.69
232.94
232.69
232.06
232.705
233.015
233.975
234.28
233.12
232.745
232.72
234.185
233.48
233.8
234.13
233.755
232.695
236.295
235.89
233.07
233.945
231.81
233.555
233.58
233.02
230.82
231.435
232.175
232.685
233.24
231.7
232.735
232.02
231.675
233.73
232.855
231.31
231.655
232.54
234.065
234.365
234.365
232.645
230.695
231.64
232.375
233.725
232.5
230.315
230.785
233.81
233.1
233.715
232.11
229.935
231.445
231.35
232.21
233.285
229.85
231.655
230.455
233.73
232.565
230.9
229.335
230.36
231.78
231.94
231.415
230.415
230.255
232.06
232.835
234
229.675
230.99
230.44
229.835
233.235
232.92
231.72
231.035
231.7
231.47
234.98
232.625
231.84
231.995
233.715
232.68
233.29
232.58
231.915
232.075
233.235
233.92
234.175
233.83
231.265
233.975
234.595
232.925
234.41
230.77
235.22
234.555
234.21
233.635
234.53
230.97
234.195
235.575
234.125
234.6
233.03
233.705
233.71
235.305
235.215
235.465
231.71
232.055
234.155
233.76
233.705
230.585
231.575
232.445
231.605
234.09
235.515
233.105
233.215
233.245
235.82
235.015
235.09
235.795
232.04
236.76
236.74
236.84
235.035
234.66
235.345
236.79
236
234.255
235.125
234.515
235.955
237.465
236.53
235.625
233.22
235.925
234.285
238.67
237.645
236.605
238.42
239.37
240.3
240.02
238.15
235.295
237.115
237.74
239.785
238.76
237.045
237.25
237.435
239.055
240.36
240.985
237.6
237.69
241.575
240.98
241.845
240.34
239.77
239.32
242.505
242.605
241.905
238.935
237.92
238.405
240.755
240.65
239.19
238.035
238.365
240.745
242.235
243.29
238.63
240.215
241.19
240.845
241.38
242.16
240.525
239.475
241.075
241.69
241.88
240.11
239.96
240.245
239.955
241.265
244.125
241.335
241.945
241.85
243.67
243.735
244.49
240.785
241.155
242.095
242.865
237.12
239.305
246.035
247.78
249.7
248.235
247.805
245.45
246.965
245.97
246.7
248.215
246.485
244.73
245.755
247.015
247.785
248.205
243.395
245.645
245.955
244.33
243.495
244.575
242.86
244.635
244.39
245.545
245.815
244.295
241.885
244.3
244.52
245.685
244.35
244.375
242.16
244.275
244.775
243.81
244.185
242.055
241.25
243.745
243.775
241.23
240.655
239.965
242.02
245.725
243.315
241.945
240.325
241.665
242.75
244.655
242.275
241.585
242.3
242.855
244.625
243.01
243.915
241.095
240.675
244.27
241.75
242.75
240.265
240.27
241.15
242.085
243.115
242.125
240.515
238.705
242.145
243.91
242.005
239.775
240.27
240.79
243.675
242.83
243.705
241.875
240.965
240.845
243.855
242.72
241.915
240.06
240.2
242.31
240.595
241.98
240.48
239.46
240.005
240.2
241.685
242.335
238.56
240.405
241.24
241.42
242.465
241.52
240.2
238.73
239.3
241.155
240.105
240.05
237.83
239.94
241.77
240.39
240.485
239.545
239.03
240.29
239.89
240.775
237.945
238.685
239.49
238.325
240.265
240.42
240.265
238.335
240.15
240.835
238.76
236.99
237.33
238.655
240.605
240.315
240.05
238.575
238.05
238.165
238.49
239.255
239.855
239.12
239.785
239.66
239.54
241.435
240.715
239.525
240.865
241.155
242.52
241.22
240.56
239.985
242.565
242.775
243.675
243
241.11
243.09
243.63
241.76
243.065
240.985
241.075
241.65
242.52
243.69
240.78
240.49
239.455
239.465
242.575
240.88
240.505
241.285
241.26
240.67
241.115
241.28
240.305
238.885
240.835
240.72
242.03
241.255
241.96
240.035
241.68
242.51
243.93
242.23
239.445
241.13
242.245
240.865
240.21
240.705
240.57
241.915
243.34
242.785
242.93
239.65
240.275
240.61
240.525
241.91
238.95
239.415
241.245
241.25
242.795
242.51
239.34
240.665
240.335
243.125
239.945
239.495
240.43
240.69
240.825
242.885
241.2
241.04
238.545
241.215
241.65
243.09
240.06
238.805
238.01
241.31
240.84
241.985
238.57
238.01
240.19
238.04
237.255
237.825
236.16
237.935
237.99
238.215
237.195
238.47
233.85
233.175
235.43
233.515
235.165
232.96
234.12
235.02
234.07
235.09
237.065
231.4
231.11
231.69
232.3
233.47
232.515
231.855
233.155
236.63
236.065
232.575
231.74
230.325
231.44
233.835
232.8
231.765
231.74
232.415
233.825
233.805
234.205
233.28
231.26
231.72
233.23
234.52
235.845
234.33
234.035
236.18
235.98
234.955
237.075
233.77
235.075
236.09
236.5
236.245
235.105
235.545
238.16
238.875
239.095
237.965
237.86
236.44
235.205
238.51
237.2
235.33
236.11
237.87
238.115
238.225
238.44
235.125
236.59
237.56
239.55
236.265
236.265
236.375
237.5
238.8
238.17
239.32
238.085
236.815
238.495
239.53
239.08
237
235.185
237.26
239.165
240.625
240.05
237.945
235.805
236.49
239.31
238.25
237.5
236.88
236.875
237.495
238.925
240.8
237.89
238.13
238.61
238.77
238.405
237.39
237.51
236.065
238.38
240.065
240.975
240.04
238.74
236.955
238.295
239.1
239.9
238.725
238.275
238.285
241.335
242.975
240.79
239.95
240.48
237.72
239.38
239.905
238.96
237.54
239.025
239.32
240.45
241.315
239.675
237.53
237.635
237.1
239.145
237.745
238.565
241.01
241.805
242.92
242.94
243.23
239
240.65
240.925
241.92
240.895
238.925
238.68
241.22
242.78
245.925
242.315
241.55
240.45
242.575
241.69
243.19
241.935
242.53
242.165
246.59
245.44
247.13
243.665
243.98
245.55
245.91
247.115
245.72
244.83
246.56
247.325
247.625
244.71
237.97
242.15
242.865
245.64
242.82
242.1
242.425
242.375
245.57
245.46
243.415
239.47
239.17
240.735
242.4
241.66
241.69
240.19
242.83
242.14
243.02
242.31
240.77
239.235
239.55
241.54
240.335
238.715
238.93
239.385
242.125
242.25
242.1
239.46
238.855
241.005
241.16
239.45
239.605
238.825
238.65
240.34
242.93
241.49
240.685
239.17
238.82
240.635
242.675
238.555
237.56
239.04
241.69
243.725
241.86
242.585
237.76
238.41
242
240.55
239.835
238.245
238.46
239.97
240.125
240.745
237.98
238.03
235.5
238.05
237.795
238.895
236.285
235.805
234.88
236.285
237.065
237.115
236.745
235.675
235.33
237.67
236.425
236.135
235.37
235.4
236.265
238.47
236.735
237.675
234.775
234.85
236.49
236.515
235.645
235.915
234.495
237.155
237.145
237.05
235.03
233.895
234.415
235.495
236.43
236.015
234.78
233.35
232.52
236.33
234.655
234.91
233.3
233.075
233.94
235.335
232.67
231.6
231.185
231.635
234.685
233.86
234.79
231.665
231.195
232.16
231.33
233.825
232.275
230.855
232.04
233.285
233.92
234.475
232.425
231.06
232.19
232.905
233.33
230.82
230.345
230.21
231.87
232.465
232.91
231.93
230.87
230.25
231.325
231.435
232.675
229.37
229.75
230.725
233.915
233.155
231.49
231.01
230.265
232.08
233.035
233.085
230.625
229.885
232.185
233.325
232.03
233.12
233.28
230.9
231.1
232.92
230.63
231.175
230.71
231.34
232.085
234.395
232.02
231.105
230.665
229.895
232.385
231.995
230.19
228.705
231.915
231.645
234.305
234.605
232.4
230.79
231.575
232.71
233.295
235.125
232.675
230.99
236.23
235.615
234.04
233.2
232.38
231.56
232.895
234.155
233.36
231.845
231.55
232.965
234.115
234.875
233.655
231.645
231.685
232.41
231.9
233.28
232.055
231.47
233.155
234.16
235.12
235.1
232.305
230.685
231.28
233.86
234.295
231.935
232.16
233.21
236.16
236.545
234.785
231.59
231.78
232.58
232.255
233.305
233.345
231.35
232.165
235.14
235.63
233.375
232.935
232
231.1
233.11
234.095
232.13
230.705
230.6
232.68
233.835
234.35
233.555
230.73
228.875
232.26
232.29
232.05
231.825
230.48
232.905
232.74
233.835
232.79
231.285
229.425
232.135
231.325
231.53
229.845
229.58
230.275
231.935
232.225
231.615
228.205
226.41
229.155
229.245
227.485
229.225
227.615
225.77
230.49
231.86
231.99
230.16
227.56
227.985
228.785
230.005
229.835
228.095
228.345
228.725
230.615
229.965
226.82
227.135
227.645
228.55
230.74
230.395
227.675
226.495
229.79
231.16
230.25
230.69
226.92
227.945
230.395
230.955
230.405
228.23
228.585
228.69
232.145
231.7
231.85
229.37
230.22
230.63
229.97
230.385
230.23
230.08
229.925
232.58
232.46
231.03
231.78
229.075
229.585
231.95
233.715
232.03
229.415
231.39
234.1
233.555
233.595
232.885
230.66
230.085
231.475
232.185
231.22
229.905
229.355
229.875
230.905
234.02
232.31
229.335
229.29
230.16
232.34
230.385
229.165
229.035
230.595
233.275
233.795
232.02
231.895
230.015
230.64
232.035
232.06
231.895
229.125
229.28
232.565
234.075
230.39
230.515
228.605
231.43
232.935
232.32
230.88
229.425
229.335
231.01
230.1
230.71
229.495
228.205
227.64
229.725
233.43
232.28
228.13
230.005
231.61
232.39
231.97
230.525
231.535
230.395
231.16
233.725
232.345
230.295
229.9
229.965
233.35
233.105
233.675
230.7
229.445
231.195
232.885
233.655
232.385
232.03
231.78
233.995
234.04
233.485
231.44
229.86
230.8
233.56
233.18
227.905
229.215
235.835
237.535
235.73
235.75
234.665
233.405
233.78
235.565
235.785
232.18
233.88
234.325
235.665
236.95
234.31
233.48
231.935
232.725
232.77
233.72
233.045
232.25
234.93
236.11
236.075
234.83
232.4
232.23
233.055
233.76
233.98
233.85
232.36
233.255
234.875
235.59
235.65
233.18
228.535
229.88
234.195
232.11
232.47
231.525
230.31
232.685
233.825
232.48
229.16
228.905
230.52
234.28
234.06
234.26
232.025
231.05
234.08
236.025
232.545
232.67
230.065
230.28
232.37
235.465
233.775
231.85
231
232.875
234.245
235.27
235.6
232.475
232.235
229.88
233.845
233.29
232.155
232.025
230.31
234.76
233.04
233.09
231.34
228.97
231.145
231.55
231.985
229.37
228.29
229.93
230.31
233.25
233.375
233.14
229.915
230.485
230.34
230.895
231.015
229.61
229.55
232.715
232.68
234.085
233.05
231.015
230.96
231.07
232.775
230.195
231.185
228.625
231.16
231.105
231.695
232.625
229.895
230.67
229.435
229.985
230.78
229.705
231.105
231.71
233.685
236.435
235.25
234.42
233.415
231.88
233.065
233.56
231.84
231.3
234.48
236.605
235.93
235.775
233.515
232.805
229.63
232.37
233.465
232.04
232.77
230.01
235.08
235.06
235.905
234.4
231.095
230.18
230.815
234.2
231.41
232.185
230.805
234.795
233.655
232.84
233.93
232.095
229.48
231.6
230.795
230.41
228.585
229.06
231.215
235.01
234.595
234.215
230.455
229.605
231.55
231.275
232.965
229.34
229.405
232.615
234.18
235.27
234.455
230.65
231.71
229.895
232.53
231.505
230.42
230.735
230.855
233.875
234.14
233.76
232.38
230.51
230.545
230.905
230.005
229.95
226.805
229.07
231.49
233.385
232.54
231.535
228.765
228.52
227.78
229.7
229.345
228.545
229.28
232.27
233.19
232.825
231.935
230.16
229.68
228.505
230.165
231.09
230.63
230.245
230.76
232.6
232.165
233.875
232.07
230.585
230.91
231.05
231.37
231.475
229.635
230.655
234.215
234.135
234.42
232.245
231.275
229.835
231.26
232.27
231.74
228.695
227.6
232.32
236.24
236.14
233.08
232.555
232.275
232.6
233.555
233.655
231.845
232.86
233.745
235.795
236.57
235.41
233.29
232.175
233.69
232.935
234.205
231.53
233.875
235.06
235.935
235.76
236.19
233.95
232.1
232.095
233.065
233.24
232.8
232.245
232.43
236.6
237.3
234.66
234.645
232.865
231.015
233.155
234.32
232.855
233.425
234.25
234.31
234.945
235.045
232.755
232.915
232.54
233.18
233.2
234.81
233.82
233.8
233.845
237.605
236.67
236.275
234.11
232.71
232.83
235.495
234.875
233.515
231.98
235.835
236.345
236.19
234.68
234.04
233.215
233.58
235.08
235.595
233.785
232.54
234.91
236.89
237.73
236.92
235.835
233.255
232.78
234.415
235.535
232.34
234.41
232.455
236.94
236.15
236.975
235.43
233.845
234.445
236.01
235.405
235.645
235.18
237.59
237.61
241.3
240.395
239.015
235.82
236.02
236.97
236.49
237.525
236.5
234.28
238.06
239.505
240.105
237.67
236.215
236.75
234.785
237.73
235.655
235.775
236.885
239.69
239.575
240.155
240.71
238.99
238.51
236.355
238.435
239
238.17
237.43
239.52
242.77
242.73
242.405
240.465
239.98
239.16
239.235
237.52
237.255
236.8
237.965
239.13
242.34
240.555
239.59
237.89
237.275
235.35
237.75
235.785
236.325
238.875
239.99
241.35
242.29
241.765
239.245
237.32
236.72
239.13
238.64
238.88
239.18
237.845
240.63
244.01
241.4
238.44
237.49
237.85
240.935
240.33
239.525
236.145
238.065
240.595
242.845
242.055
235.795
223.585
230.33
230.77
231.205
230.08
231.02
234
233.32
234.42
233.075
230.07
229.985
229.645
232.4
231.09
230.29
229.055
231.385
234.42
232.405
233.435
231.31
228.315
228.065
229.285
229.495
228.435
228.09
230.09
232.19
232.425
230.885
229.46
226.675
227.82
228.955
228.535
226.875
226.375
229.19
231.465
232.245
232.07
227.575
225.785
226.12
227.58
228.88
227.4
228.78
229.845
229.75
232.46
233.405
231.135
228.34
227.475
228.35
228.04
225.615
225.36
226.695
230.02
230.205
230.18
230.48
225.835
226.045
225.625
226.035
226.225
224.43
225.01
226.795
227.375
230.42
228.185
226.36
225.255
225.195
224.845
223.945
223.365
223.715
224.895
228.165
226.515
228.15
225.025
224.14
223.755
223.805
224.29
225.185
223.83
224.39
227.78
229.15
230.475
227.685
224.735
225.275
225.62
227.045
224.99
224.805
225.415
226.945
227.595
227.805
228.015
223.64
224.26
224.365
223.205
224.375
222.95
221.76
224.99
227.64
229.07
227.215
224.885
224.145
222.345
223.98
223.355
223.56
224.195
224.71
226.045
227.72
228.25
225.47
222.715
222.965
223.515
222.52
222.385
221.135
223.245
227.21
227.835
227.38
227.245
223.375
222.995
221.865
224.52
222.745
222.175
221.365
224.185
225.55
225.185
222.85
223.085
222.23
224.535
223.8
222.545
223.265
221.985
224.505
225.975
227.88
226.38
224.5
222.92
222.7
223.555
223.9
223.045
224.05
224.51
226.615
228.74
227.265
225.05
223.935
222.56
222.77
223.3
224.34
221.805
223.73
225.5
227.515
228.44
226.505
224.29
223.23
222.88
222.465
224.1
224.225
223.685
224.765
227.36
227.29
228.035
225.43
223.76
223.54
223.285
223.735
223.18
225.78
226.85
227.925
227.875
228.585
224.725
224.225
223.405
225.93
225.06
225.04
225.49
225.89
227.425
227.935
226.825
224.82
222.59
221.775
224.885
225.44
223.445
222.365
224.575
227.335
227.175
227.185
225.88
223.415
224.575
225.245
224.765
224.075
223.065
225.625
227.115
229.565
228.4
227.91
225.035
224.64
225.425
226.23
224.225
223.35
225.4
228.765
230.14
227.815
228.53
225.415
224.145
224.36
224.625
225.89
224.73
225.97
226.86
229.715
227.51
228.445
226.815
223.335
223.485
226.185
224.44
225.99
222.95
225.795
226.815
227.58
228.11
225.675
223.26
222.505
222.92
224.32
222.085
223.325
223.58
226.675
227.6
227.965
226.17
224.17
223.31
222.64
223.115
220.66
222.8
223.17
225.855
227.385
227.29
225.755
223.63
224.24
223.61
223.87
223.015
224.86
226.165
225.105
227.65
228.49
227.085
225.5
223.06
224.91
223.49
223.81
221.67
222.305
221.915
224.805
227.66
224.775
223.13
221.795
222.04
221.33
223.16
221.455
220.28
221.615
222.935
224.105
225.295
222.94
220.77
218.45
219.42
220.555
219.16
218.855
219.48
223.195
223.31
224.545
221.845
219.86
217.565
216.045
218.1
217.455
219.535
219.25
221.035
222.39
222.95
221.235
219.07
219.78
218.38
218.62
218.905
219.06
218.365
222.125
224.275
223.455
224.28
223.615
223.45
221.19
222.17
224.32
225.19
224.585
225.075
229.825
230.445
228.03
227.305
225.52
224.285
224.255
226.345
225.375
224.925
225.765
225.92
229.115
229.585
226.76
224.6
226
226.21
224.595
226.505
224.58
224.46
226.785
227.74
229.935
228.6
226.58
226.515
225.41
226.55
226.215
224.965
225.925
227.16
231.255
230.38
232.545
229.45
229.17
228.125
228.77
228.155
228.085
228.58
230.435
233.295
234.1
232.52
230.75
229.915
228.74
229.55
231.22
228.85
225.86
224.235
233.8
235.12
234.245
232.43
229.815
229.64
232.22
230.005
229.77
231.845
233.325
236.715
237.295
235.22
233.105
231.36
230.685
232.01
231.205
229.63
231.305
231.175
233.79
234.675
234.1
232.04
232.015
230.295
232.59
233.565
230.845
229.87
231.215
234.73
232.69
236.17
232.23
229.51
230.185
230.88
231.45
231.11
230.73
231.205
231.65
233.375
234.84
232.565
230.25
230.295
229.315
233.73
229.78
230.175
229.765
231.225
232.65
231.43
228.9
227.14
225.75
223.92
225.595
223.475
223.265
223.4
224.035
227.495
228.25
226.36
222.83
222.915
221.255
220.42
221.405
220.675
219.465
220.855
221.91
224.135
224.115
222.81
219.395
219.23
220.225
221.54
222.735
219.245
223.525
224.76
225.65
225.865
226.1
223.92
223.82
223.695
226.135
224.82
225.295
224.695
226.075
228.09
230.27
228.3
227.83
226.255
226.355
227.075
228.115
227.695
228.415
229.07
231.695
232.27
233.365
232.05
230.575
229.345
229.81
230.565
227.955
228.055
227.025
230.375
233.385
233.37
231.375
231.295
228.495
230.425
231.44
230.69
227.83
228.535
233.675
233.61
232.82
231.185
228.59
227.63
228.25
231.255
228.72
228.54
227.29
229.46
232.74
233.65
231.33
228.855
227.885
229.18
232.02
230.965
230.39
230.22
232.485
232.48
235.57
233.375
231.875
231.285
228.425
229.025
230.47
229.525
229.885
230.025
234.31
235.69
233.51
232.615
232.575
230.645
233.42
233.77
232.26
231.665
230.805
233.71
233.815
234.03
231.99
231.03
230.8
230.66
231.685
231.645
227.94
228.76
231.62
235.13
233.605
233.97
230.695
230.945
231.99
233.265
231.65
232.795
232.005
233.58
234.31
234.155
232.95
230.805
231.475
231.46
230.425
229.96
229.565
228.995
231.42
235.1
233.48
232.61
231.43
229.355
229.73
231.275
230.17
230.13
228.825
230.17
233.61
234.615
232.8
232.575
229.8
230.425
229.025
230.865
230.665
228.96
230.5
231.95
233.45
233.79
230.67
228.57
229.015
229.705
230.685
229.005
227.01
227.26
228.68
231.36
231.115
230.675
229.18
226.585
227.515
228.86
227.9
226.29
227.3
229.25
232.025
232.09
232.89
228.73
229.295
228.625
228.26
229.895
228.745
228.81
229.49
231.91
234.095
232.43
232.835
227.825
228.62
229.23
228.925
229.04
227.33
227.485
230.125
229.16
229.805
225.62
224.39
223.885
223.575
226.51
224.505
222.525
225.06
225.205
226.225
228.23
225.315
224.69
224.965
225.055
225.31
225.615
224.825
223.635
225.735
227.285
226.94
227.39
226.225
223.575
223.955
224.265
223.73
223.76
224.045
227.15
227.165
229.2
228.285
226.745
225.335
225.735
226.3
229.415
227.32
225.5
228.06
229.835
232.68
232.17
231.47
228.46
230.875
230.18
233.99
236.15
236.78
238.47
237.435
238.54
238.335
240.675
236.75
237.655
237.525
238.185
238.425
237.135
236.855
236.7
240.5
239.555
241.465
237.245
237.28
236.825
238.675
239.61
236.865
237.03
238.41
238.87
242.36
241.085
239.01
238.83
238.465
236.7
238.78
239.18
238.75
237.31
242.78
243.36
240.615
242.295
237.65
238.445
239.37
239.985
240.46
240.515
240.655
241.935
241.555
243.415
240.905
240.495
239.575
240.79
241.42
241.7
240.495
240.63
239.485
241.015
243.35
241.965
239.25
237.535
237.045
240.425
239.815
237.58
237.135
240
240.185
241.06
240.31
239.675
238.765
237.39
239.91
239.385
239.665
237.91
237.32
238.785
243.21
241.73
240.385
240.275
240.44
240.885
241.085
241.975
240.02
240.545
243.435
242.905
241.45
240.315
237.62
226.31
232.29
232.07
230.13
231.165
231.125
234.76
235.905
232.505
233.17
231.905
231.32
232.345
233.205
231.34
229.61
232.205
234.915
235.01
234.305
233.68
230.53
230.425
231.86
234.135
231.885
230.655
231.22
233.81
234.575
232.23
232.13
230.75
231.275
230.4
232.095
232.57
228.295
230.885
232.49
234.355
234.365
232.155
232.43
231.085
229.895
230.935
230.78
229.805
231.19
229.925
232.755
234.26
233.23
232.32
231.46
230.805
230.13
231.76
228.835
230.825
229.695
230.58
233.465
234.145
230.54
228.3
229.14
229.42
231.845
228.6
228.485
229.79
231.71
233.45
233.045
229.92
230.905
228.915
228.785
228.335
228.9
228.24
229.06
228.215
230.285
230.705
229.09
227.025
227.935
228.535
229.33
229.25
227.42
226.02
228.605
230.735
229.23
231.13
229.54
225.13
227.835
228.8
230.495
228.545
226.165
227.505
229.275
230.675
228.845
230.13
227.63
227.21
226.18
228.42
228.71
227.435
228.93
231.76
230.88
232.665
230.315
227.545
227.845
227.235
227.46
227.895
227.895
228.71
230.125
229.25
232.38
229.815
229.76
226.245
227.14
228.725
227.63
226.77
226.245
226.885
228.57
227.7
229.62
225.185
225.625
225.55
225.94
226.5
223.88
223.385
223.345
225.55
228.88
227.415
226.95
226.17
224.335
224.2
225.875
224.33
225.18
225.225
226.46
227.71
228.575
227.15
225.89
226.12
226.86
227.905
226.575
225.02
224.63
228.205
229.85
229.11
229.83
226.89
225.6
225.425
227.45
225.315
224.335
224.22
227.335
228.555
229.435
227.965
227.535
225.525
225.3
222.585
227.125
226.105
227.015
225.095
228.31
229.79
227.475
228.355
226.28
223.705
224.44
227.065
224.31
224.9
227.775
227.745
227.345
229.295
228.365
224.12
226.255
224.475
224.5
222.525
224.42
225.98
224.6
228.75
228.635
228.67
226.36
225.87
225.715
224.13
225.255
223.915
225.835
226.485
227.77
229.735
228.32
225.92
226.295
224.175
224.545
224.51
225.62
224.35
226.8
230.285
228.6
229.14
226.615
226.57
223.75
222.415
224.56
225.415
225.485
227.36
228.845
230.195
228.66
226.285
223.65
224.45
225.535
225.22
224.95
223.78
225.43
228.455
229.23
226.88
228.915
224.84
224.18
223.62
224.51
224.625
224.79
226.285
228.775
229.44
228.65
228.505
226.67
225.34
224.78
224.715
226.075
225.625
224.695
227.565
229.61
230.76
228.875
227.09
226.685
225.52
226.475
225.965
225.1
225.415
226.215
228.155
228.46
228.72
228.07
224.035
225.485
226.195
227.465
227.145
225.605
226.305
229.285
232.78
230.64
230.185
225.455
225.97
225.595
225.555
226.29
227.005
227.285
229.05
230.09
229.705
228.685
226.6
226.23
226.95
227.145
226.45
227.2
226.63
227.995
231.54
231.315
230.97
228.4
227.815
226.3
224.225
227.14
227.81
226.46
229.435
229.965
228.425
230.415
228.8
227.025
225.075
226.205
226.82
227.845
228.205
228.28
232.465
232.775
232.295
231.3
230.12
228.83
227.555
230.955
230.74
231.11
231.305
232.565
233.56
233.98
233.505
229.745
228.265
229.36
230.43
229.465
231.585
230.405
231.465
234.885
234.475
233.365
232.18
229.11
230.81
230.53
231.455
229.88
232.015
232.055
236.135
235.085
235.2
234.225
232.115
231.105
233.44
230.39
230.15
231.16
233.7
234.05
235.835
236.55
234.535
232.45
232.975
232.595
232.795
233.285
233.81
233.9
235.485
238.05
236.93
234.62
233.25
229.88
232.31
232.15
231.49
229.765
233.45
234.275
237.925
238.07
235.665
234.35
234.355
231.47
234.44
233.115
232.895
228.585
230.555
234.275
234.845
235.175
231.12
231.1
231.17
230.99
231.585
232.845
232.615
233.485
234.89
235.005
233.395
230.855
230.35
231.26
231.62
229.485
230.83
230.775
233.01
232.33
233.255
231.425
229.935
226.95
226.235
225.66
227.985
226.21
227.955
229.585
231.535
231.095
229.755
228.83
225.96
228.15
226.465
228.98
227.265
229.075
227.51
231.225
230.985
231.775
229.415
227.5
227.575
228.585
227.41
228.585
227.34
226.555
230.765
232.405
232.43
230.73
227.05
226.8
224.915
225.175
225.19
226.74
225.675
226.2
228.37
228.3
225.395
225.275
223.59
223.32
224.77
224.045
223.355
224.21
224.675
227.23
228.16
227.86
224.98
224.105
223.69
224.11
223.425
223.16
222.77
223.605
227.22
227.995
227.8
225.5
224.02
224.255
225.31
225.34
225.4
223.31
224.88
227.165
228.2
228.73
225.75
227.08
223.875
225.075
225.445
224.895
224.025
225.59
226.165
229.05
229.225
229.995
224.86
225.085
223.81
225.28
224.655
224.115
225.53
226.35
228.305
228.415
228.325
225.29
224.71
225.28
226.875
225.865
223.99
224.85
225.28
229.08
228.065
229.455
225.56
225.58
224.735
224.4
225.62
225.565
225.46
225.765
229.8
230.22
228.94
230.67
225.22
225.43
226.67
226.94
227.45
226.955
226.785
228.89
230.705
231.345
228.28
228.365
226.8
227.64
226.815
226.525
226.32
226.54
228.97
230.64
232.09
229.375
226.56
226.86
226.825
227.08
226.09
226.73
227.26
227.495
230.59
229.575
228.985
229.05
228.245
225.295
225.545
226.575
226.085
227.635
227.67
230.545
231.61
231.1
228.04
227.745
226.485
225.59
228.94
226.06
227.535
229.47
230.375
231.335
230.115
230.505
227.48
227.61
226.585
228.61
228.25
228.14
229.505
231.93
231.445
234.975
230.835
231.32
228.65
231.01
228.495
229.84
228.52
230.27
230.355
233.245
234.29
233.375
233.575
229.13
230.73
231.555
230.825
231.05
229.81
229.87
232.085
233.05
232.09
232.655
230.695
230.3
233.08
230.615
230.905
229.255
232.69
232.495
234.855
233.505
234.01
229.5
229.275
230.11
229.94
230.92
229.235
229.43
229.995
234.675
233.17
231.275
230.76
229.855
229.875
229.84
228.435
229.43
230.15
230.97
233.095
231.355
232.62
230.445
229.775
229.82
232.25
231.14
230.79
230.125
232.055
232.555
232.94
231.24
231.805
229.475
230.57
230.975
231.925
229.715
229.29
232.205
233.505
234.725
234.19
232.65
232.1
230.82
232.225
233.3
231.125
230.685
231.32
233.93
234.645
234.375
230.875
231.035
230.83
231.55
231.66
230.465
230.475
231.765
232.19
233.45
233.195
233.985
230.365
229.29
232.485
232.5
232.79
231.205
231.405
232.065
234.93
236.23
232.985
233.56
231.91
231.44
233.235
232.755
232.455
231.585
233.66
234.65
234.37
234.72
233.79
231.31
232.75
233.205
233.74
232.68
231.79
232.255
234.385
236.52
233.275
233.555
230.555
231.16
232.56
233.005
235.275
234.185
232.575
237.59
235.675
235.035
232.055
230.32
230.025
231.535
229.19
231.675
230.08
231.255
234.79
235.22
236.06
236.14
235.5
233.96
234.525
234.305
232.81
232.995
234.975
233.455
238.22
236.5
237.75
236.02
235.27
235.965
235.62
237
234.845
234.885
237.115
240.105
240.835
238.05
238.605
237.665
236.775
236.21
237.06
237.29
235.29
235.245
237.455
240.165
240.245
237.98
235.645
235.54
235.01
235.83
235.05
234.385
233.305
238.075
238.255
240.37
237.755
237.065
235.135
236.745
237.43
238.515
236.855
236.57
239.07
241.655
241.63
241.005
237.565
234.875
230.005
237.295
236.035
234.745
234.38
236.345
238.865
238.395
234.785
234.705
233.12
234.525
234.65
235.585
234.225
234.51
235.6
235.12
236.525
236.49
233.94
233.9
233.955
236.365
235.025
234.535
233.84
233.295
235.995
235.07
234.265
233.205
232.165
233.3
234.925
233.59
234.3
231.765
231.105
234.065
233.08
234.72
234.045
232.18
233.24
234.495
233.8
234.115
232.065
233.43
235.245
235.925
235.865
234.715
233.745
233.265
232.31
234.915
233.96
230.675
231.755
231.935
233.24
233.1
232.35
230.995
231.795
231.71
231.77
233.215
231.1
232.235
232.335
233.42
233.78
233.3
231.615
229.785
231.525
232.63
232.925
232.43
230.5
231.815
232.965
234.02
233.59
232.895
233.04
231.85
231.35
233.46
233.91
230.825
232.99
233.935
233.09
234.64
233.14
231.83
231.84
232.09
234.62
232.475
231.075
231.04
233.395
233.415
232.725
232.535
230.64
232.38
232.925
232.025
234.08
231.23
230.165
231.98
233.89
234.095
233.98
232.515
230.96
232.28
233.4
232.275
229.51
229.86
229.655
232.835
231.305
231.665
228.59
229.18
229.53
231.6
231.92
230.495
228.95
230.265
231.175
233.105
232.435
232.04
230.785
231.355
232.595
231.98
230.54
230.955
231.315
232.34
232.045
232.31
231.39
230.66
229.61
232.075
232.5
233.275
229.31
230.39
230.44
233.885
233.195
231.47
231.225
231.27
231.03
231.43
232.61
231.605
229.01
231.32
233.87
233.13
233.14
231.35
231.315
232.13
233.4
234.58
231.38
231.815
230.665
232.525
233.3
233.275
231.445
230.775
230.245
232.525
232.525
232.585
229.675
232.145
232.375
232.31
232.895
230.11
230.12
228.91
231.94
232.735
229.92
229.965
229.965
231.08
231.82
232.155
231.355
231.59
229.93
231.72
232.13
232.17
229.855
230.265
230.34
234.705
231.735
233.915
231.375
230.515
231.19
232.48
232.92
232.82
232.045
232.095
232.415
233.5
233.96
232.02
231.275
231.58
232.895
234.6
232.995
232.83
232.495
232.475
235.295
235.61
233.685
231.085
232.27
232.955
236.245
234.45
231.595
233.175
232.51
235.625
234.555
232.475
233.18
232.415
231.955
234.81
235.32
233.2
230.105
233.91
234.615
231.725
232.625
231.56
230.805
234.125
235.375
235.98
231.375
232.04
233.14
232.71
233.355
233.13
231.095
230.62
234.09
235.62
234.275
232.025
233.97
233.56
235.185
233.945
234.895
232.525
233.69
235.175
235.145
235.675
235.67
234.495
232.84
233.41
236.475
234.165
234.525
233.57
234.055
237.21
236.135
236.8
234.105
233.175
235.56
236.185
236.33
235.445
234.02
233.66
238.09
239.01
236.33
236.3
235.535
235.34
236.685
238.41
237.335
237.05
238.875
238.52
239.105
241.285
238.785
235.89
238.09
236.965
239.57
238.695
237.845
236.255
237.385
238.925
240.84
236.565
235.75
236.87
237.035
238.45
237.65
237.52
236.05
237.28
237.745
239.24
237.69
237.465
234.91
237.19
238.5
236.69
238.195
235.255
236.905
238.785
240.665
241.415
239.515
235.92
236.59
237.87
238.825
238.615
236.935
236.64
237.505
238.59
240.19
238.58
238.305
238.015
238.935
240.595
237.805
237.605
238.015
238.355
240.235
238.705
240.415
237.3
238.17
239.79
239.1
239.45
238.42
237.835
239.98
239.43
241.27
240.225
239.525
238.53
241.705
243.59
241.665
241.235
239.63
237.16
240.39
242.69
242.435
239.61
239.545
238.535
241.07
240.67
241.38
238.685
239.405
238.42
241.53
240.105
239.835
238.085
239.025
239.665
242.215
240.355
237.64
239.5
239.465
241.78
243.545
240.82
239.385
233.93
233.135
240.24
237.275
236.875
238.725
238.64
239.89
238.62
236.84
234.22
234.485
237.095
238.315
237.195
235.495
234.905
238.51
239.39
239.325
235.36
236.52
234.275
235.07
238.04
237.215
235.025
234.56
235.375
236.97
237.005
236.035
233.105
235.23
236.295
236.595
235.335
234.48
235.02
234.685
237.385
236.18
235.165
234.905
234.31
235.34
234.92
236.55
236.3
233.875
232.065
234.84
234.95
233.595
232.94
234.715
234.05
233.18
235.625
233.42
233.18
233.38
234.83
236.365
233.775
234.065
232.815
232.44
233.205
234.805
234.545
233.825
233.19
233.66
235.025
233.365
233.55
234.655
234
234.77
233.915
234.29
232.41
233.05
231.51
232.575
234.535
233.98
232.53
232.93
233.03
234.91
234.435
234.775
231.13
232.14
234.78
236.2
234.755
232.595
233.07
233.645
234.835
236.64
235.515
232.385
232.935
233.35
235.875
235.45
235.34
231.925
233.435
234.235
234.045
233.51
230.93
233.09
233.21
234.72
234.54
235.49
231.65
233.675
235.46
235.74
234.64
234.6
231.115
234.535
235.68
235.91
236
234.88
235.485
234.45
236.97
235.015
232.98
231.785
233.16
235.055
233.75
234.25
230.845
232.79
233.895
233.855
234.68
233.835
231.14
233.045
234.05
233.99
235.18
233.695
232.76
233.795
235.09
235.1
236.58
233.945
236.31
236.8
236.665
236.41
234.795
235.185
234.68
235.665
238.57
236.045
234.875
236.745
236.56
237.73
236.87
236.485
234.67
234.98
235.98
236.045
236.485
233.405
233.4
236.885
236.945
236.385
235.95
232.36
234.68
235.16
234.38
233.815
235.74
233.695
235.075
234.37
236.18
236.1
234.295
233.89
232.925
234.5
234.54
235.175
231.99
232.775
235.835
236.295
234.095
233.405
232.965
234.35
235.325
235.09
232.63
234.745
234.3
233.57
235.06
235.535
235.895
234.885
233.525
233.1
236.14
235.595
234.045
235.405
233.505
237.825
237.425
237.515
234.16
233.155
232.985
236.27
236.945
234.37
234.645
235.5
233.94
234.335
236.3
235.515
235.535
234.795
235.925
235.375
236.315
233.865
234.735
237.335
236.955
235.15
235.09
235.685
234.815
236.375
236.245
234.53
232.185
232.085
234.33
234.84
236.11
233.38
234.27
233.2
233.695
234.88
235.05
232.61
233.035
232.855
234.31
234.45
234.415
231.935
232.47
233.04
235.04
234.705
231.995
233.62
232.315
233.685
233.9
233.99
234.255
233.555
233.36
234.09
233.65
233.13
232.225
232.05
232.72
231.525
235.18
234.545
232.575
233
235
233.27
234.615
234.045
232.22
233.485
238.175
235.57
235.81
232.83
232.645
234.455
236.01
235.87
232.71
233.735
233.845
237.015
236.06
234.36
233.735
233.765
234.865
235.405
236.215
233.785
234.32
234.435
234.945
234.745
236.985
234.76
235.04
235.595
237.1
236.345
236.86
237.4
234.68
238.965
240.78
239.485
238.845
238.425
236.07
236.905
237.08
238.215
237.28
235.31
238.39
239.515
242.215
237.505
238.11
238.045
239.015
239.19
239.16
237.44
237.62
240.24
241.65
242.3
241.795
238.905
241.4
240.375
242.255
243.095
238.715
239.865
241.29
241.435
244.055
242.79
239.505
241.02
242.495
241.045
242.56
240.225
240.435
239.305
243.25
242.785
244.015
241.19
240.395
241.05
243.07
243.67
241.63
242.755
243.715
243.9
246.295
246
242.295
242.805
240.36
241.73
241.51
243.805
241.06
242.42
242.54
244.995
243.285
242.58
240.465
241.75
241.965
244.225
244.02
243.045
244.315
242.325
248.09
248.75
246.34
246.965
244.88
244.785
246.07
246.82
245.27
242.785
240.795
241.72
245.92
243.53
242.315
243.135
245.7
244.665
241.805
242.685
242.8
242.73
245.515
245.545
242.965
242.065
243.03
242.675
244.745
243.955
242.945
242.93
243.805
245.74
242.415
243.105
241.655
240.78
244.085
244.54
243.245
241.44
243.04
241.295
244.225
243.205
242.335
241.035
241.41
242.31
245.37
242.89
240.97
242.38
241.855
242.665
243.4
242.815
240.445
242.69
243.285
242.835
242.39
240.145
240.975
241.455
241.69
243.005
242.28
242.165
239.02
240.42
240.545
242.01
241
238.105
239.535
240.46
242.92
242.25
240.675
240.37
240.31
240.57
240.63
239.435
239.415
239.655
238.755
241.325
243.04
239.405
239.31
238.955
240.5
241.475
242.24
239.62
240.125
239.585
242.555
243.785
240.75
237.045
239.52
241.095
240.24
241.1
239.675
239.38
238.415
240.405
241.195
241.7
238.795
239.45
240.285
241.025
241.57
240.11
238.8
238.78
242.02
240.545
241.12
238.95
237.705
239.215
238.64
238.905
239.875
238.91
237.74
238.35
240.925
240.415
238.905
235.88
237.21
239.56
239.975
239.56
239.07
239.16
239.3
239.835
240.75
239.32
237.345
238.2
238.025
237.455
239.075
237.635
237.34
237.065
238.945
239.48
239.395
239.085
237.2
238.9
236.885
238.1
237.385
238.16
236.925
239.555
238.32
239.165
237.605
238.905
237.6
240.225
239.31
238.24
238.47
237.305
239.245
241.065
241.905
240.54
238.8
239.045
239.815
242.75
242.09
239.05
239.585
241.425
241.955
243.725
241.075
240.98
239.56
240.005
240.395
241.53
240.305
241.49
239.275
241.34
242.44
240.115
242.45
240.01
240.495
241.485
242.125
239.85
240.375
241.085
240.43
243.505
241.555
239.15
240.7
238.335
240.21
239.9
240.995
239.67
238.735
240.065
241.49
240.185
239.36
237.425
238.71
240.065
238.545
240.765
239.075
239.475
241.915
239.295
241.075
239.525
239.97
239.57
240.34
241.325
241.51
241.24
239.97
242.255
241.92
243.855
243.105
240.38
240.57
241.145
243.26
242.055
243.455
239.9
240.435
243.49
243.78
242.885
241.315
241.525
241.465
241.9
241.855
241.35
242.7
241.13
241.42
243.305
244.525
242.01
241.225
240.82
240.65
241.655
239.465
238.655
239.835
242.3
243.515
242.295
240.875
239.975
240.425
241.555
241.565
239.605
239.455
238.81
241.42
240.405
240.36
242.44
240.455
239.245
239.33
240.13
239.155
236.625
237.57
239.88
241.935
241.16
240.485
239.6
239.285
239.415
242.495
239.82
239.27
238.795
238.865
241.735
241.385
241.07
239.78
241.175
238.61
240.315
241.165
242.515
240.34
240.035
241.91
244.075
244.23
240.795
240.385
239.87
241.925
242.505
241.7
240.275
240.25
240.345
239.125
241.46
242.065
239.29
240.195
240.495
241.205
240.535
241.755
240.015
240.8
241.405
241.575
243.25
240.615
238.84
241.01
241.595
243.245
240.695
238.7
241.515
242.355
244.43
241.72
241.1
240.83
241.925
241.66
242.91
240.5
240.78
241.53
243.13
244.615
242.69
243.02
241.81
242.26
242.81
242.14
242.095
241.79
241.165
243.78
244.49
243.98
241.225
239.37
240.37
241.895
241.785
241.17
240.145
241.16
241.675
243.26
244.625
243.59
241.76
240.635
242.32
242.815
241.42
243.21
244.315
246.575
246.005
248.37
248.015
246.77
246.325
245.025
247.16
245.66
244.96
244.305
246.025
248.485
248.73
248.505
247.525
245.415
244.395
247.45
247.5
245.89
245.83
246.325
245.79
249.185
247.13
247.41
244.255
243.615
244.625
246.45
246.575
242.92
245.035
248.41
249.605
250.06
245.895
245.405
245.755
243.47
236.78
242.63
241.415
241.675
246.845
245.45
241.9
244.525
242.035
241.855
243.545
241.855
242.155
239.795
242.93
244.95
244.86
245.48
242.665
242.605
240.905
242.985
243.78
240.45
241.11
241.775
244.045
243.825
244.745
244.49
242.085
241.615
241.965
242.325
240.385
241.035
240.85
241.975
243.79
243.715
242.48
241.64
241.17
238.78
242.1
242.69
240.86
240.19
242.4
242.275
242.605
242.025
240.63
240.455
238.225
239.9
242.595
240.105
240.31
239.19
242.475
241.03
243.36
240.075
240.52
240.17
240.82
242.68
241.465
239.53
238.85
243.065
241.73
243.16
242.655
240.14
239.21
240.765
241.805
240.055
239.79
240.32
239.99
242.105
243.665
241.085
237.935
239.425
238.595
241.77
241.31
239.365
240.295
240.395
241.695
242.65
241.15
240.54
239.9
239.96
238.57
238.075
239.03
239.94
238.45
241.395
241.02
242.105
241.205
240.855
239.93
240
241.265
239.43
239.515
240.23
240.67
242.62
241.83
241.68
240.535
239.475
241.825
240.88
240.725
238.73
239.93
239.72
243.965
242.555
241.345
240.68
239.965
237.245
240.77
238.965
238.29
238.75
239.135
241.26
241.395
241.61
239.71
237.355
238.54
237.42
238.485
238.62
239.305
238.595
239.635
240.56
239.5
239.73
239.2
237.7
240.165
238.265
240.505
237.92
238.165
239.015
239.38
240.02
239
236.78
236.915
235.565
237.23
237.165
236.115
234.98
238.495
239.79
239.33
239.71
238.815
237.61
235.88
239.06
237.675
238.445
238.525
239.525
240.455
239.735
239.54
239.065
236.54
236.485
236.91
238.205
237.36
239.54
237.685
238.695
240.585
239.98
240.225
237.1
235.95
236.745
238.93
238.295
235.83
236.35
237.96
238.47
239.725
237.7
236.83
234.94
234.185
235.91
235.78
234.785
236.655
238.29
239.465
239.1
238.24
237.21
235.76
236.48
235.415
233.71
234.15
234.215
236.88
238.73
238.705
237.21
234.85
234.915
236.465
234.955
238.12
235.24
235.645
237.35
237.79
240.8
239.05
237.52
236.03
234.9
236.23
235.93
234.775
236.05
236.835
238.34
239.19
239.46
237.385
237.305
236.91
235.965
236.18
234.275
237.165
238.735
238.055
238.91
238.425
239.215
238.595
237.345
234.945
235.3
236.855
236.65
236.53
237.835
240.465
240.375
240.97
238.69
236.16
235.69
236.655
236.37
236.75
236.88
239.8
239.885
241.6
239.155
237.005
235.435
236.26
235.675
237.34
236.985
237.12
237.13
238.835
239.415
238.72
238.205
237.02
237.02
236.87
236.87
237.6
237.285
238.635
241.435
240.765
242.57
237.975
239.19
237.295
238.605
237.45
239.53
238.945
238.855
242.155
242.855
240.38
242.905
241.815
240.87
241.075
241
241.82
239.355
239.87
241.455
243.12
241.755
242.645
241.25
239.12
239.895
240.46
238.495
239.735
240.685
240.465
240.83
243.325
244.03
242.89
241.445
240.09
240.275
240.3
239.095
240.26
239.6
241.61
242.975
244.54
242.435
241.46
241.365
240.195
242.59
238.215
241.24
241.045
243.475
243.585
245.5
242.54
241.515
241.955
241.66
242.895
244.51
239.635
242.725
243.135
243.15
244.11
244.445
242.555
240.035
240.54
241.67
240.585
240.925
240.245
238.535
241.01
243.305
242.675
241.19
239.49
238.99
239.895
241.805
239.145
238.17
238.67
239.95
242.905
242.15
241.225
238.3
238.44
239.285
239.645
237.945
238.51
238.04
240.665
242.5
243.095
241.065
239.195
237.87
238.205
240.24
239.945
236.75
238.575
240.8
242.765
241.735
241.74
239.645
238.245
237.07
238.18
238.285
239.4
236.125
236.635
0
