15.25
13.8
14.35
14.67
14.27
14.69
14.57
14.78
14.65
14.41
14.62
14.87
14.43
14.54
14.53
14.51
14.5
14.77
14.49
14.35
14.66
14.49
14.63
14.53
14.4
14.59
14.36
14.49
14.44
14.67
14.46
14.49
14.48
14.25
14.34
14.42
14.36
14.35
14.42
14.6
14.44
14.45
14.16
14.4
14.56
14.46
14.52
14.7
14.65
14.63
14.58
14.88
14.71
14.71
14.53
14.84
14.9
14.9
14.83
14.9
15.18
15.06
15.02
15.07
14.82
14.79
14.41
14.86
14.85
14.71
14.97
14.77
14.77
15.08
15.15
14.94
14.92
14.72
14.74
15.02
14.93
14.73
14.81
15.13
14.75
15.05
14.67
14.9
14.71
15.16
14.87
15.09
15.04
15.05
15.24
15.21
15.17
15.08
14.95
15.04
14.75
14.81
15
14.96
14.84
14.94
14.84
15.03
15.28
15.23
15.13
15.21
15.12
15.27
15.02
15.04
15.06
15.07
15.1
15.09
15.01
15.32
15.47
15.4
15.43
15.06
15.21
15.36
15.52
15.57
15.77
15.73
15.42
15.28
15.67
15.64
15.78
15.64
15.44
15.83
15.66
15.8
15.67
15.73
15.71
15.58
15.64
15.78
15.94
15.56
15.71
15.95
16
15.91
15.9
15.74
15.73
15.51
15.59
15.48
15.74
15.85
15.89
16.17
15.97
15.89
15.69
16.13
16.23
16.13
16.02
16.04
16.06
16.18
16.04
16.3
16.29
16.15
16.06
16.29
16.15
15.85
15.95
16.1
15.49
16.04
15.81
15.73
15.71
15.75
15.75
15.51
15.49
15.4
15.32
15.71
15.49
15.7
15.57
15.42
15.51
15.49
15.78
15.32
15.4
15.3
15.24
15.19
15.21
15.21
15.03
14.7
14.71
14.69
14.98
14.93
14.73
14.75
14.75
14.83
14.9
14.92
14.56
14.74
14.87
15.04
14.7
14.69
14.85
14.37
14.7
14.77
14.81
14.46
14.74
14.37
14.66
14.56
14.5
14.64
14.77
14.8
14.75
14.99
14.61
14.63
14.38
14.7
14.54
14.41
14.41
14.42
14.53
14.59
14.22
14.41
14.13
14.36
14.25
14.27
14.2
14.11
14.19
14.49
14.32
14.02
14.37
13.84
13.87
13.81
13.79
14.05
13.74
13.85
14.01
13.79
14.1
13.91
13.87
13.9
13.82
13.97
13.82
13.87
13.7
13.87
13.51
14.06
13.83
13.75
13.73
13.73
13.63
13.36
13.59
13.51
13.89
14.02
13.93
13.86
13.97
13.98
13.67
13.88
14
13.89
13.95
14.04
14.09
13.63
13.97
13.66
13.7
13.77
13.79
13.71
13.65
13.91
13.84
13.95
14.13
14.15
14.05
13.84
13.93
13.95
14.21
14.07
13.85
14.08
14.24
14.03
14.16
14.1
14.32
14.19
14.41
14.28
14.23
14.37
14.56
14.42
14.39
14.55
14.72
14.47
14.64
14.65
14.64
14.8
14.45
14.73
14.69
14.9
14.94
14.84
14.4
14.38
14.87
14.53
14.59
14.74
14.82
15
14.95
14.95
15.08
15.06
14.97
14.97
15.17
15.39
15.12
14.98
14.8
15.11
14.9
15.27
14.81
15.12
14.93
14.83
14.86
14.81
14.71
14.91
14.94
14.9
15.11
15.13
15.07
14.91
14.89
14.98
15.02
15.19
15.16
15
15.2
15.36
15.55
15.39
15.3
15.26
15.44
15.27
15.4
15.47
15.3
15.63
15.52
15.97
15.66
15.84
15.8
15.69
15.91
16.1
15.93
16.34
16.42
16.8
16.67
16.83
16.84
16.83
16.76
16.59
16.94
16.57
16.72
17.91
17.6
17.66
17.81
17.61
17.32
17.52
17.49
17.27
17.13
17.34
17.22
17.3
17.39
17.18
17.3
17.12
17.3
17.03
17.38
17.13
17.06
17.22
17.31
17.14
17.24
16.81
16.55
16.79
16.52
16.74
16.6
16.53
16.65
16.9
16.79
16.51
16.36
16.48
16.36
16.38
16.15
16.38
16.43
16.57
16.57
16.46
16.27
16.25
16.54
16.16
16.17
16.21
16.11
16.05
16.25
16.28
16.28
16.05
16.14
16.04
15.76
16.05
16.01
15.84
15.77
15.84
16.09
16.39
15.91
15.97
15.63
15.86
15.65
15.78
15.45
15.91
15.67
15.63
15.56
15.66
15.53
15.32
15.58
15.53
15.22
15.57
15.55
15.47
15.34
15.68
15.47
15.64
15.56
15.31
15.42
15.75
15.37
15.49
15.43
15.59
15.55
15.46
15.73
15.54
15.51
15.67
15.55
15.45
15.56
15.58
15.55
15.56
15.7
15.73
15.44
15.55
15.5
15.34
15.53
15.49
15.73
15.98
15.84
15.82
15.83
15.75
15.7
15.49
15.76
15.56
15.6
15.91
15.61
15.92
16.09
16.16
15.89
16.04
16.17
16.18
16.23
16.35
16.28
16.47
16.53
16.42
16.61
16.53
16.17
16.19
16.22
16.45
16.21
16.43
16.21
16.23
16.41
16.61
16.28
16.51
16.51
16.48
16.58
16.78
16.85
16.63
16.96
16.99
16.96
17.04
17.06
16.81
16.8
17.18
16.96
16.93
16.99
17.35
17.03
17.55
17.52
17.79
17.26
17.38
17.69
17.37
17.5
17.51
17.34
17.59
17.84
17.89
17.52
17.75
17.84
17.94
17.79
18.04
18.03
18.1
18.36
18.07
18.09
18.15
18.53
18.17
18.13
18.56
18.36
18.48
18.7
18.86
18.9
19.37
19.13
19.09
18.92
18.84
18.86
18.8
18.7
18.91
18.84
19.04
18.58
19.02
18.58
18.78
18.84
19.01
18.81
18.86
19.13
19.21
19.12
19.06
19.22
19.49
19.06
19.2
18.79
18.92
19.28
19.15
18.86
18.8
19.27
18.75
19.13
18.9
18.85
18.65
18.99
18.93
18.78
18.95
18.63
19.05
19.17
19.14
19
18.83
18.91
18.64
18.48
18.69
18.84
18.66
18.67
18.77
18.7
18.95
18.74
18.76
18.8
19.14
19.16
18.64
18.69
18.78
18.72
18.72
19
18.69
18.87
18.85
18.66
18.97
18.87
18.95
19.14
19.26
19.39
19.24
19.29
19.05
18.7
18.99
18.94
18.44
18.66
18.32
18.24
18.48
18.61
18.18
18.1
18.07
18.15
18.03
17.93
17.62
17.94
18
17.8
17.61
17.88
17.55
17.29
17.4
17.35
17.24
17.43
17.36
17.55
17.48
17.57
17.53
17.24
17.37
17.41
17.47
17.44
17.17
17.31
17.21
17.68
17.25
17.45
17.34
17.04
17.27
17.19
17.34
16.86
17.14
17.22
17.23
17.13
17.1
17.06
16.85
16.86
16.7
16.65
16.7
16.36
16.72
16.8
16.68
16.54
16.98
16.47
16.39
16.26
16.3
16.57
16.33
16.12
16.07
16.29
16.23
15.98
16.02
15.98
15.91
16.06
15.91
15.89
16.13
15.93
16.19
16.11
15.72
15.96
15.75
15.86
16
15.88
15.63
15.72
15.88
15.9
16.01
16.08
15.79
15.56
15.8
15.73
15.9
15.91
15.71
16.06
16.27
16.03
16.27
16.27
16.22
16.11
16.24
16.45
16.23
16.48
16.35
16.91
16.58
16.98
16.74
16.99
17.09
17.19
17.4
17.51
17.63
17.49
17.83
17.76
18.03
17.76
18.17
17.71
19.06
16.59
16.38
16.42
17.04
16.76
16.58
16.66
16.56
16.47
16.66
16.39
16.67
16.62
16.53
16.33
16.74
16.74
16.76
16.69
16.46
16.86
16.62
16.89
16.86
16.69
16.89
16.72
16.76
16.76
16.6
16.51
16.56
16.77
16.48
16.66
16.63
16.57
16.36
16.57
16.47
16.43
16.38
16.42
16.46
16.58
16.58
16.66
16.41
16.87
16.64
16.69
16.85
16.69
16.68
16.73
16.8
16.65
16.89
16.55
16.61
16.9
16.86
16.95
16.9
16.66
16.95
17.25
16.94
17.1
17.04
17.12
17.32
17.39
17.43
17.4
17.34
17.42
17.46
17.25
17.49
17.26
17.22
17.37
17.51
17.42
17.54
17.42
17.55
17.15
17.43
17.23
17.46
17.29
17.17
17.27
17.58
17.44
17.08
17.49
17.57
17.52
17.37
17.33
17.4
17.38
17.78
17.5
17.48
17.55
17.21
17.26
17.33
16.93
17.09
16.69
16.51
17.15
17.09
16.8
16.86
16.59
16.55
16.49
16.58
16.69
16.96
16.67
16.76
16.82
16.56
16.82
16.6
16.64
16.56
16.68
16.45
16.51
16.48
16.49
16.59
16.77
16.42
16.56
16.37
16.38
16.47
16.32
16.28
15.85
16.35
16.31
16.03
15.93
16.11
15.97
15.81
15.96
15.76
16.05
15.87
15.77
15.88
16.03
15.86
16.1
15.83
15.72
15.81
16.31
15.82
15.93
15.75
16.17
15.77
16.06
15.87
15.91
15.86
15.79
15.88
15.67
15.6
15.59
15.69
15.5
15.79
15.51
15.16
15.36
15.57
15.49
15.66
15.53
15.52
15.58
15.98
15.83
15.86
15.65
15.69
15.67
15.44
15.79
15.37
15.03
15.07
15.19
15.26
15.13
15.07
14.91
14.92
14.78
14.94
14.68
14.75
14.5
14.64
14.69
14.71
14.62
14.72
14.67
14.65
14.73
14.81
14.52
14.69
14.89
14.85
15.12
14.8
14.7
14.66
14.83
14.74
14.89
14.66
14.73
14.76
14.73
14.73
14.61
15.03
14.86
15.05
14.77
14.99
15.02
14.81
14.75
15.04
14.85
15.11
14.87
14.82
14.84
15.04
14.99
15.23
14.96
15.29
15.34
15.54
15.46
15.25
15.04
15.22
14.96
15.35
15.28
15.28
15.26
15.26
15.68
15.24
15.25
15.31
15.05
15.4
15.32
15.32
15.36
15.03
15.35
15.54
15.4
15.88
15.71
15.49
15.4
15.97
15.64
15.31
15.55
15.91
15.88
15.87
15.75
15.64
15.9
15.95
16.07
16.07
15.87
15.82
16.37
16.34
16.56
16.39
16.51
16.75
16.46
16.64
16.62
16.55
16.75
16.87
16.84
16.99
16.88
16.87
16.94
16.66
17.41
17.18
17.28
17.12
17.35
17.73
17.61
18.02
18.11
17.96
17.98
18.03
17.93
17.98
17.82
18.17
17.95
18.27
17.81
18.11
17.83
17.72
17.5
17.91
17.88
17.61
17.56
17.28
17.64
17.66
17.48
17.73
17.32
17.57
17.62
17.7
17.54
17.72
17.72
17.62
17.79
17.52
17.56
17.71
17.47
17.83
17.58
17.47
17.53
17.4
17.56
17.43
17.32
17.45
17.23
16.95
17.11
17.2
16.85
17.03
17.1
17.26
17.14
17.21
17.1
16.99
16.81
17.15
16.89
17.06
17.04
16.79
16.7
16.95
16.83
16.73
17.37
16.7
16.81
16.98
17.04
16.54
16.62
16.78
16.79
16.93
16.83
16.8
16.89
16.85
16.75
16.75
17.08
16.66
17.14
17.41
17.33
17.91
17.5
17.41
17.49
17.46
17.51
17.2
17.44
17.05
17.08
18.12
16.01
16.11
16.26
16.18
15.88
15.77
15.56
15.41
15.3
15.61
15.67
15.61
15.2
15.31
15.36
15.3
15.16
15.21
15.2
15.16
14.99
15.12
14.81
14.97
14.61
14.89
14.48
14.49
14.62
14.38
14.47
14.41
14.46
14.43
14.26
14.08
13.97
14.11
13.74
14.21
13.76
13.93
14.15
13.97
14.03
13.91
14.1
14.07
14.19
14.21
14.02
14.24
13.83
14.18
14.07
14.32
14.24
14.17
14.12
14.01
14.36
14.38
14.52
14.54
14.44
14.51
14.6
14.84
14.58
14.32
14.75
14.31
14.39
14.31
14.6
14.65
14.67
14.71
14.71
14.53
14.64
14.56
14.57
14.46
14.51
14.75
14.76
14.67
15.02
15.1
14.96
14.7
14.96
14.59
14.81
14.83
15
14.5
14.86
15.06
14.59
14.77
14.79
14.68
14.42
14.85
14.8
14.5
14.82
14.71
14.89
14.95
14.97
14.72
14.68
14.79
14.57
14.84
14.78
14.68
14.65
14.92
15.29
15.1
15
14.97
15.16
15.23
15.48
15.29
15.45
15.29
15.19
15.55
15.52
15.63
15.52
15.3
15.44
15.29
15.57
15.26
15.44
15.66
15.7
15.66
15.68
15.66
15.64
15.57
15.88
16.01
15.89
15.89
15.68
15.99
16.14
15.98
15.81
15.85
15.86
16.07
16.34
16.33
16.5
16.21
16.41
16.54
16.47
16.31
16.3
16.13
16.19
16.25
16.09
16.18
16.09
16.07
16.11
16.16
16.12
16.22
16.29
16.06
16.34
16.14
16.27
16.13
16.47
16.58
16.41
16.4
16.08
16.22
16.03
16.27
16.32
16.26
15.85
16.2
16.07
16.14
15.94
16
15.86
16.06
15.83
16.04
15.78
16.05
15.71
16.06
15.9
16.04
16.01
15.86
15.6
15.69
15.91
15.61
15.38
15.43
15.43
15.75
15.82
15.5
15.65
15.6
15.46
15.64
15.55
15.42
15.12
15.61
15.45
15.4
15.65
15.21
15.09
15.35
15.53
15.25
15.33
15.26
15.18
15.17
15.49
14.95
14.9
15.12
14.99
15.08
15.11
14.62
14.84
14.81
15.02
15.12
14.98
14.82
14.69
14.67
14.91
14.65
14.48
14.81
15.03
14.47
14.73
14.57
14.69
14.37
14.67
14.68
14.77
14.36
14.16
14.33
14.37
14.63
14.4
14.2
14.15
14.18
13.99
14.03
14.12
14.15
14.12
14.06
14.36
14.18
13.96
13.9
14.14
14.09
14.16
14.37
14.25
14.4
14.17
14.41
14.35
14.25
14.29
14.07
14
14.65
14.58
14.44
14.23
14.53
14.66
14.53
14.22
14.36
14.15
14.48
14.47
14.3
14.31
14.11
13.88
14.28
14.1
14.15
14.36
14.05
13.98
14.27
14.2
14.4
14.26
14.08
13.98
14.04
14.25
14.04
14.02
13.79
13.95
14.02
13.98
13.98
13.71
13.98
14.01
13.9
14.04
13.91
13.86
13.93
14.07
13.9
13.87
14.07
13.97
14.13
14.33
14.07
14.24
14.03
14.09
14.53
14.37
14.42
14.06
14.25
14.45
14.4
14.54
14.74
14.32
14.17
14.31
14.51
14.34
14.36
14.45
14.41
14.4
14.69
14.55
14.52
14.59
14.67
14.77
14.93
14.76
14.84
14.96
14.95
14.82
14.85
15
14.97
14.96
15.03
15.22
15.17
15
14.9
15.18
15.36
15.37
15.26
15.37
15.45
15.33
15.73
15.59
15.51
15.65
15.53
15.71
15.77
15.78
15.47
15.84
16.11
15.91
16.3
16.06
16.27
16.16
16.29
16.38
16.25
16.3
15.98
16.11
17.26
16.41
16.41
16.64
16.69
17.01
16.14
16.41
16.29
16.02
15.92
16.11
15.85
16.12
15.85
15.8
16.07
16.03
16.08
15.78
15.64
15.95
15.87
15.87
15.87
15.44
16.15
15.86
16
15.59
15.84
15.65
15.68
15.95
15.97
15.84
15.92
16.07
16.17
16.06
15.92
15.84
15.87
15.96
15.96
16.03
16.02
15.78
15.66
15.97
15.92
16.23
15.92
15.94
15.9
16.31
16.27
16.1
16.07
16.09
16.3
16.32
15.86
16.3
15.93
16.01
16.19
16.09
15.86
16.07
16.14
16.12
16.03
15.92
16
15.7
15.74
15.68
15.57
15.44
15.25
15.36
15.61
15.18
15.66
15.32
15.25
15.03
15.44
15.01
15.3
15.11
14.98
14.88
14.78
14.72
14.7
14.72
14.66
14.64
14.66
14.7
14.63
14.4
14.6
14.71
15
14.49
14.57
14.81
14.88
14.7
14.59
14.91
14.54
14.59
14.9
14.57
14.7
14.63
14.68
14.63
14.4
14.3
14.37
14.19
14.31
14.43
14.47
14.39
14.3
14.22
14.25
14.42
14.34
14.36
14.58
14.44
14.24
14.63
14.59
14.6
14.39
14.63
14.49
14.72
14.82
14.77
14.71
14.65
14.82
15.05
14.87
14.88
14.85
14.9
14.94
15.3
15.05
15.25
15.49
15.55
15.73
15.73
15.46
15.48
15.36
15.18
15.16
14.8
15.14
14.98
14.96
15.14
15.39
15.35
15.07
15.4
15.17
15.32
15.59
15.74
15.74
15.84
15.8
15.84
14.96
15.24
15.07
14.73
14.76
14.39
14.43
14.29
14.42
14.35
14.77
14.32
14.37
14.34
14.15
14.42
14.33
14.37
13.96
14.34
14.27
14.48
14.56
14.39
14.38
14.46
14.74
14.8
14.47
14.47
14.7
14.64
14.75
14.86
14.76
14.71
14.75
14.94
15.37
14.64
15.08
14.99
15.1
15.35
15.28
15.18
15.07
15.2
15.55
15.41
15.4
15.03
15.51
15.47
15.84
15.74
15.48
15.75
15.75
15.75
15.63
15.81
15.68
15.6
15.82
15.61
15.7
15.78
15.9
15.65
15.95
15.79
16.29
15.67
15.74
15.82
15.83
15.99
16.02
15.76
15.65
15.59
15.92
15.75
16.26
16.05
15.78
16.23
16.24
16.11
16.34
16.2
16.18
16.31
16.03
16.45
16.16
16.42
16.34
16.53
16.58
16.55
16.3
16.55
16.63
16.88
16.75
16.4
16.28
16.55
16.39
16.36
16.41
16.31
16.36
16.35
16.31
16.32
16.42
16.12
16.33
16.25
16.54
16.28
16.36
16.54
16.53
16.67
16.7
16.78
16.66
16.63
16.74
17
16.75
16.75
16.65
16.46
16.73
16.62
16.44
16.79
16.62
16.73
16.91
16.77
16.86
16.68
16.97
16.56
16.97
16.57
16.33
16.38
16.34
16.28
16.6
16.77
16.38
16.04
16.27
16.26
16.4
16.5
16.02
16.04
15.93
16.34
16.25
16.27
16.07
15.94
15.99
15.96
16.04
15.91
15.95
16.03
16.03
15.97
15.81
15.73
15.7
15.92
15.63
15.5
15.29
15.37
15.4
15.59
15.7
15.52
15.56
15.17
15.49
15.46
15.3
15.46
15.33
15.09
15.34
15.99
15.25
15.38
14.86
15.16
15.06
15.1
14.78
14.58
15.03
14.67
14.7
14.95
14.64
14.71
14.85
14.8
14.95
14.55
14.54
14.63
14.74
14.87
14.98
14.9
14.95
15.05
15.11
15.38
15.18
15.07
15
14.88
15.35
15.15
15.27
15.21
14.76
14.73
15.02
15.1
15.2
15.17
15.31
15.12
16.23
13.44
13.58
13.8
13.79
13.67
13.32
13.45
13.23
13.16
13.63
13.4
13.3
13.05
13.16
13.25
13.52
13.57
13.56
13.66
13.62
13.73
13.48
13.7
13.51
13.42
13.56
13.33
13.17
13.18
13.18
13.32
13.54
13.46
13.56
13.41
13.43
13.83
13.71
13.63
13.78
13.59
13.83
13.99
13.89
13.87
13.66
13.91
13.95
13.93
14.08
13.66
13.92
13.57
13.8
14.01
13.74
13.76
14.07
13.96
13.64
13.83
14.03
13.88
14.09
14.11
14.03
13.85
14.34
14.28
14.32
14.54
14.59
14.48
14.67
14.68
14.7
14.78
14.96
14.72
14.86
15.11
14.96
15.32
15.28
15.37
15.02
15.57
15.44
15.4
15.62
15.57
15.24
15.39
15.59
15.48
15.54
15.75
15.52
15.74
15.88
15.72
15.58
15.22
15.42
15.23
15.28
15.25
15.45
15.22
15.41
15.73
15.71
15.64
15.48
15.57
15.93
15.41
15.82
15.35
15.4
15.75
15.86
16.04
16.11
16.12
16.19
16
16.36
16.31
16.28
16.18
16.3
16.15
16.25
16.19
16.48
16.13
16.21
16.15
16.11
16.29
16.32
16.46
16.66
16.45
17.02
16.47
16.62
16.29
16.5
16.36
16.42
16.15
16.46
16.86
16.48
16.64
16.49
16.22
15.98
15.87
16.02
15.74
15.85
15.75
15.44
15.65
15.68
15.67
15.79
15.6
15.61
15.82
15.66
15.4
15.68
15.8
15.63
15.2
15.22
15.14
14.81
14.92
14.97
14.86
15.18
14.84
14.93
15.14
15.23
14.96
14.76
14.43
14.75
14.37
14.56
14.24
14.47
14.49
14.51
14.83
14.6
14.43
14.07
14.52
14.04
14.03
14.08
14.26
14.14
13.9
14.04
13.92
13.86
13.85
13.94
13.87
13.97
13.76
13.66
13.77
13.58
13.68
13.77
13.63
13.93
13.79
13.96
13.7
13.67
13.51
13.57
13.6
13.67
13.75
13.74
13.87
13.63
13.44
13.45
13.39
13.63
13.6
13.56
13.7
13.75
14.06
13.63
13.74
13.51
13.71
13.54
13.5
13.42
13.32
13.9
13.94
13.97
14.09
13.79
14.21
14.14
14.27
13.81
13.77
13.79
13.9
13.75
13.46
13.83
13.51
13.66
13.47
13.62
13.65
13.66
13.48
13.74
13.94
13.86
13.39
13.54
13.76
13.95
14.12
14.03
13.73
13.91
13.55
13.76
14.11
13.52
13.58
13.65
13.9
14.12
13.81
13.86
13.85
14.08
14.11
14.27
14.21
14.17
14.09
14.35
13.9
14.41
14.25
14.12
14.45
14.3
14.27
14.37
14.46
14.36
14.37
14.55
14.56
14.86
14.85
14.82
14.76
14.94
15.01
15.18
15.14
15.13
15.39
15.58
15.87
15.49
15.25
15.38
15.39
15.45
15.61
15.41
15.3
15.48
15.59
15.52
15.61
15.71
15.26
15.8
15.93
15.84
15.76
15.72
16.07
16.3
16.18
16.02
16.38
16.34
16.26
16.57
16.54
16.55
16.51
16.49
16.21
16.57
16.45
16.52
16.89
16.93
16.78
16.64
16.43
16.61
16.93
16.74
17.05
16.96
16.62
16.8
16.59
16.93
16.61
16.51
16.41
16.39
16.5
16.48
16.31
16.56
16.22
16.37
16.49
16.67
16.6
16.45
16.63
16.72
16.98
16.7
16.31
16.26
16.42
16.32
16.38
16.72
16.25
16.24
16.2
16.33
16.15
16.13
16.13
16.13
16.2
16.31
16.19
15.98
16.15
15.89
16.52
16.2
16.32
16.32
15.94
15.92
15.9
15.93
15.85
15.56
15.58
15.54
15.82
16.75
18.33
15.97
16.72
17.21
16.95
17.02
17.03
17.08
16.87
16.76
16.82
16.7
16.39
16.55
16.41
16.58
16.31
16.52
16.44
16.48
16.08
16.08
16.14
16.26
16.47
16.47
16.37
16.13
16.11
16.13
16.15
16.17
16.08
15.83
16.15
15.99
15.79
15.91
15.71
15.76
15.73
15.76
15.68
16.01
16.09
15.77
15.71
15.71
15.99
15.57
15.91
15.83
15.8
16.01
15.86
15.86
15.84
15.49
15.67
15.89
16.01
16.15
16.05
16
16.16
16.06
16.05
15.95
16.19
15.96
15.76
15.58
15.71
15.43
15.38
15.6
15.71
15.56
15.6
15.67
15.55
15.68
15.64
15.64
15.5
15.71
15.55
15.9
15.59
15.75
15.8
15.75
15.82
15.67
15.83
15.48
15.58
15.58
15.75
15.73
15.61
15.71
16.09
15.91
16.09
15.8
15.76
15.89
15.63
15.78
15.82
15.87
16.04
15.89
15.96
16.37
15.97
16.09
16.1
16.49
16.5
16.73
16.71
16.5
16.58
16.26
16.56
16.59
16.68
16.72
16.59
16.94
16.9
16.32
16.91
16.78
16.77
16.9
16.96
16.94
17.08
17.07
17.29
17.52
17.6
17.32
17.25
17.46
17.35
17.5
17.3
17.51
17.42
17.38
17.75
17.52
17.89
17.66
17.74
17.57
17.67
17.57
17.52
17.36
17.43
17.36
17.08
17.18
17.06
17.1
17.46
17.54
17.47
17.42
17.3
17.31
17.4
17.87
17.47
17.48
17.43
17.29
17.74
17.63
17.61
17.67
17.9
18.02
17.65
17.99
17.96
17.66
17.7
17.83
18.03
18.39
18.04
18.02
18.17
18.1
18.13
17.61
17.86
17.73
17.8
17.91
17.85
17.89
17.96
18.19
18.09
18.16
18.03
17.94
17.74
18.06
18.24
17.93
17.69
17.34
17.25
17.39
17.78
17.64
17.51
17.72
17.51
17.53
17.65
17.29
17.41
17.01
17.13
17.13
17.25
16.89
16.8
16.45
16.68
16.58
16.88
16.56
16.31
16.6
16.14
16
16.01
16.08
16.17
16.13
15.95
16.06
16.47
16.49
16.5
16.56
16.38
16.28
15.92
16
16.16
15.93
15.82
15.94
15.64
15.64
15.91
15.69
15.7
15.75
15.7
15.78
15.8
15.78
15.65
15.57
15.55
15.67
15.47
15.71
15.61
15.58
15.62
15.72
15.73
15.96
15.68
15.65
15.83
15.54
15.66
15.71
15.57
15.38
15.43
15.45
15.36
15.49
15.29
15.48
15.55
15.48
15.12
15.32
15.21
15.06
15.42
15.22
15.18
14.83
15.38
15.29
15.63
15.31
15.42
15.42
15.34
15.58
15.38
15.67
15.46
15.55
15.75
15.86
15.51
15.39
15.27
15.32
15.35
15.33
15.28
15.29
15.19
15.15
15.29
15.36
15.22
15.17
15.2
15.48
15.22
15.26
15.1
14.88
15
15.04
14.97
14.95
15.33
15.33
15.2
15.43
15.45
15.43
15.58
15.62
15.51
15.58
16.04
15.52
15.51
15.72
15.83
15.66
15.56
15.31
15.12
15.12
15.36
15.31
15.26
15.59
15.5
15.54
15.73
15.66
15.68
15.81
15.62
15.85
15.73
15.8
15.58
15.63
15.79
16.19
15.96
16.04
16.09
16.16
16.21
16.35
16.25
16.56
16.59
16.84
16.86
16.82
17.15
17.39
17.38
17.61
17.68
17.45
17.4
17.41
17.39
17.46
17.61
17.78
17.52
17.79
17.98
18.02
18
18.04
18.09
18.08
18.22
18.54
18.73
18.64
18.55
19.05
18.95
19.12
18.98
19.05
19.28
19.35
19.63
20.5
18.12
18.11
17.97
18.32
17.84
17.75
17.66
17.72
18.04
18.18
17.41
17.54
17.42
17.26
17.03
17.16
17.14
16.53
16.92
16.97
17.02
16.78
16.84
16.62
16.62
16.5
16.43
16.45
16.45
16.38
16.65
16.79
16.89
16.79
16.59
16.65
16.71
16.6
16.71
16.88
16.61
17.02
16.96
17.18
16.99
17.07
16.93
17.13
17.25
16.86
16.7
16.77
16.63
16.95
16.65
16.52
16.19
16.28
16.38
16.14
16.24
16.19
16.09
16.18
16.31
16.45
15.96
16.34
15.99
16.02
15.84
16.12
15.74
15.9
15.86
15.93
16.07
16.12
15.96
15.87
15.66
15.85
15.95
15.88
16.02
15.67
15.87
15.84
15.37
15.57
15.15
15.21
15.42
15.1
15
14.86
14.82
14.72
14.69
14.67
14.59
14.4
14.62
14.6
14.71
14.55
14.68
14.51
14.43
14.54
14.56
14.43
14.56
14.22
14.16
14.5
14.28
14.19
14.22
14.25
14.4
14.17
14.36
14.08
14.33
14.13
14.3
14.39
14.33
14.25
14.21
14.46
14.07
14.46
14.4
14.04
14.06
14.15
14.19
14.13
13.92
14.06
13.95
14.04
14.26
14.19
14.05
14.02
13.84
13.99
14.09
13.85
13.7
13.89
13.93
13.88
13.7
14.1
13.91
14.01
13.98
14.07
13.92
13.9
14.16
13.86
14.24
14.39
14.14
14.04
14.24
14.16
14.12
14.1
14.12
14.31
14.33
14.43
14.12
14.17
14.28
14.32
14.25
14.1
14.1
14.11
14.09
13.92
14.21
14.43
14.12
14.31
14.08
14.38
14.39
14.78
14.36
14.33
14.66
14.52
14.57
14.32
14.31
14.43
14.89
14.74
14.74
15.01
14.78
15.12
15.22
15.43
15.21
15.08
15.24
15.24
15.15
15.55
15.4
15.11
15.54
15.4
15.54
15.58
14.94
15.34
15.11
15.58
15.2
15.3
15.55
15.49
15.83
16.06
15.57
15.36
15.55
15.48
15.42
15.63
15.52
15.55
15.59
15.72
15.68
15.47
15.75
15.3
15.55
15.84
16
15.99
16.23
15.95
16
16.38
16.14
16.39
16.22
15.97
15.99
15.87
16.08
15.89
15.78
15.82
16.15
16.11
15.93
16.03
15.99
16.45
16.47
16.76
16.78
16.85
16.71
16.41
16.64
16.81
16.48
16.42
16.78
16.4
16.54
16.68
16.48
16.65
16.81
16.83
17.23
17
16.82
17.01
17.07
17.1
16.91
17.01
16.96
17.18
17.23
17.24
16.99
17.05
16.94
16.99
17.44
17.43
17.14
17.16
16.99
17.3
16.96
17.02
16.7
16.31
16.67
16.45
16.45
16.35
16.25
15.99
16.45
16.29
16.33
16.18
16.02
15.99
15.88
16.05
15.82
16.03
15.96
15.96
16.14
15.91
16.24
15.85
15.88
15.99
16.02
15.81
15.73
15.7
15.47
15.64
15.58
15.54
15.43
15.31
15.49
15.23
15.15
14.93
15.14
15.07
14.95
15.09
15
15.17
14.96
15.23
14.94
14.9
14.67
14.55
15.03
14.58
14.89
14.51
14.66
14.69
14.31
14.59
14.59
14.61
14.56
14.57
14.95
15.04
14.53
15.15
14.73
14.89
15.15
14.83
14.88
14.67
14.57
14.75
14.44
14.58
14.45
14.58
14.24
14.44
14.32
14.33
14.15
14.33
14.57
14.29
14.28
14.43
14.29
14.35
14.36
14.61
14.49
14.57
14.59
14.46
14.98
14.72
14.88
14.54
14.63
14.62
14.66
14.8
14.77
15.02
14.8
14.96
14.86
14.97
14.91
14.74
14.73
15.08
14.78
16.3
15.73
15.95
15.93
15.93
15.9
15.71
15.75
15.66
15.72
15.84
15.49
15.61
15.65
15.67
15.51
15.5
15.53
15.45
15.7
15.7
15.72
15.68
15.77
15.82
16.03
15.87
15.82
15.84
16.15
15.73
16.21
16.15
16.29
15.71
16.2
16.47
16.35
16.74
16.75
16.42
16.47
16.84
16.98
16.9
16.8
17.12
17.06
16.92
17.34
16.86
16.86
17.12
17.64
17.48
17.63
17.35
17.66
17.77
17.77
17.77
17.69
17.54
17.63
17.76
17.93
17.59
17.6
17.68
17.44
17.93
17.81
18.16
17.53
18
17.94
18
18.16
18.05
18.17
18.39
18.64
18.32
18.44
18.5
18.13
18.55
18.44
18.66
18.41
18.61
18.24
18.49
18.84
18.82
18.75
18.77
19.11
18.89
18.92
19.1
19.15
19.09
19.15
19.22
19.27
19.28
18.75
19.19
19.25
19.27
19.16
19.47
19.25
19.4
19.37
19.4
19.79
19.31
19.26
19.17
19.11
19.2
18.82
19.19
19.07
19.14
19.28
19.06
19.07
18.93
19.14
19.07
19.03
19.24
19.01
19.03
19.4
19.3
19.08
19.13
19.1
18.77
18.99
18.88
18.86
18.71
18.72
18.86
18.69
18.93
18.93
18.75
18.46
18.82
18.76
18.4
18.82
18.56
18.88
18.84
18.55
18.51
18.77
18.44
18.37
18.49
18.17
18.35
18.27
18.15
18.44
18.25
18.41
18.12
17.85
17.89
17.68
17.78
17.36
17.28
17.21
17.25
17.29
17.3
16.88
17.25
16.95
17.11
17.01
16.99
16.78
16.98
17.01
16.73
16.63
17.15
16.89
16.79
16.74
16.51
16.58
16.36
16.82
16.33
16.37
16.39
16.29
16.3
16.2
16.2
16.14
16.41
15.86
16.27
16.41
16.19
15.86
15.95
15.93
16.05
15.84
16.02
15.98
15.95
16.08
16
16.27
16.11
16.26
16.27
15.97
16.01
15.82
15.78
16.12
15.81
16.01
15.97
15.68
16.07
15.94
15.95
15.71
16.03
15.86
16.03
15.63
15.63
15.85
15.86
15.87
15.87
15.84
15.97
15.41
15.99
15.67
15.8
15.88
15.86
15.94
15.99
15.92
15.77
15.75
15.67
15.54
15.79
15.73
15.84
15.74
15.66
15.75
15.65
15.66
15.58
15.49
15.65
15.68
15.64
15.44
15.67
15.85
15.55
15.5
15.67
15.52
15.55
15.78
15.59
15.39
15.76
15.54
15.58
15.99
15.9
15.69
15.81
16.15
15.95
16.19
16.04
16.04
16.01
16.04
16.26
16.36
16.26
16.39
16.23
16.29
16.51
16.36
16.22
16.47
16.76
16.41
16.87
16.61
16.74
16.41
16.52
17.11
16.84
17.2
17.25
17.2
17.39
17.2
17.25
17.2
17.1
17.1
17.22
17.47
17.08
17.28
17.04
17.17
17.35
17.2
17.11
17.13
17.2
17.33
17.43
17.17
17.39
17.64
17.68
17.89
17.5
17.91
17.68
17.64
17.77
17.69
17.78
17.6
17.63
18.01
18.08
18.11
18.1
18.09
17.84
17.9
18.32
18.15
18.4
18.34
18.7
18.73
18.59
18.59
18.79
18.74
18.61
18.64
18.87
18.94
19.15
19.05
19.29
19.29
19.11
19.21
19.35
19.02
18.98
18.76
18.91
18.92
18.99
19.18
19.21
18.96
19.22
19.03
18.78
19.06
19.13
18.96
18.93
19.21
19.22
19.27
19.46
19.19
19.2
18.65
18.96
19.32
19.16
18.97
18.98
18.98
18.76
19.15
19.15
19.05
19
19.02
19.08
19.33
19
18.88
18.71
19.06
18.89
18.83
19.64
15.39
15.52
15.59
15.9
15.41
15.4
15.44
15.3
15.16
15.21
15.19
15.11
14.57
15.07
14.9
14.9
14.72
14.92
14.99
14.71
14.87
14.63
14.62
14.61
14.65
14.74
14.56
14.71
14.57
14.85
14.78
14.51
14.55
14.76
14.31
14.31
14.43
14.14
14.14
14.48
14.27
14.32
14.25
14.21
13.97
13.99
14.1
14.31
14.01
14.07
13.94
14.17
13.82
14.21
13.98
14.1
13.89
13.9
14.06
13.48
13.56
13.49
13.87
13.65
13.72
13.41
13.49
13.62
13.24
13.22
13.79
13.26
13.36
13.19
13.59
13.45
13.41
13.41
13.03
13.07
13.33
13
12.94
13.32
13.17
13.24
13.43
13.51
13.31
13.56
13.42
13.32
13.44
13.41
13.48
13.43
13.73
13.47
13.37
13.59
13.01
13.32
13
13
13.07
13.1
12.95
12.82
13.11
13.04
12.96
12.9
12.96
12.96
12.79
13.16
12.82
12.95
13
13.15
13
13.29
13.33
13.27
12.92
13.23
13.2
13.23
13.1
13.08
13.25
13.24
13.21
12.96
13
13.34
13.01
13.28
13.36
12.99
13.23
13.43
13.63
13.38
13.56
13.36
13.24
13.25
13.38
13.3
13.38
13.28
13.54
13.54
13.59
13.47
13.38
13.5
13.48
13.89
13.61
13.41
13.75
14
14.05
14.15
14.1
14.02
14.08
14.01
14.11
14.33
14.19
14.25
14.26
14.54
14.36
14.22
14.4
14.4
14.43
14.18
14.42
14.21
13.96
13.98
14.13
14.09
14.35
14.22
14.09
14.41
14.3
14.36
14.51
14.55
14.53
14.85
14.85
14.68
14.87
14.87
14.43
14.76
15.02
15.13
14.83
15.19
15.04
15.39
15.44
15.52
15.02
15.33
15.21
15.05
14.92
15.04
15.3
15.2
15.57
15.26
15.33
15.32
15.46
15.28
15.1
15.17
15.05
15.17
14.93
15.39
15.18
15.25
15.17
14.91
14.87
14.82
14.94
14.77
14.96
14.72
14.88
14.89
14.84
14.64
14.94
14.85
14.99
15.18
15.12
14.79
14.9
15.07
14.76
14.56
14.77
14.43
14.24
14.06
14.32
14.02
14.04
13.99
13.91
13.95
14.11
14.09
14.13
14.03
14.27
14.28
14.1
14.25
14.11
14.08
13.84
13.87
13.97
13.8
13.82
13.61
13.67
13.65
13.84
13.66
13.63
13.78
13.73
13.83
13.92
13.78
13.7
13.41
13.8
13.35
13.43
13.5
13.65
13.78
13.85
14.11
13.84
13.86
14.05
13.79
13.6
13.98
13.92
13.91
13.68
13.9
13.77
13.67
13.54
13.67
13.43
13.72
13.23
13.42
13.3
13.3
13.37
13.61
13.24
13.11
13.57
13.35
13.31
13.23
13.25
13.27
13.06
13.29
13.09
12.99
13.07
12.61
12.91
13.06
13.06
12.92
12.97
13.05
12.8
13.26
12.98
12.83
12.9
12.9
13
12.87
12.9
13.15
13.04
13.25
13.25
12.96
12.94
13.06
12.98
13.23
12.89
13.09
12.9
13.19
12.84
12.98
13.05
12.87
13.13
13.31
12.84
13.03
13.14
12.88
13.07
13.4
13.25
13.19
13.16
13.23
12.98
13.04
13.19
13.14
13.14
13.23
13.08
13.44
13.16
13.33
13.26
13.18
13.2
13.23
13.06
13.2
13.32
13.29
13.5
13.42
13.49
13.47
13
13.32
13.37
13.55
13.31
13.51
13.45
13.74
13.72
13.7
13.79
14.06
13.76
13.77
13.91
13.94
13.81
14.19
14.35
14.73
14.49
14.78
14.63
14.62
14.83
14.74
14.85
15.56
13.93
14.45
14.5
14.39
14.32
14.08
14.19
14.24
14.24
14.31
14.32
14.32
14.57
14.41
14.08
14.29
14.11
14.31
14.34
14.59
14.54
14.23
14.6
14.74
14.42
14.75
14.32
14.25
14.35
14.4
14.58
14.54
14.43
14.52
14.85
14.8
14.85
14.58
14.41
14.36
14.86
14.83
14.58
14.92
14.94
14.96
14.9
14.83
15.06
14.88
14.97
14.72
14.73
14.77
14.6
14.72
14.72
14.89
14.83
14.61
14.46
14.5
14.42
14.24
14.63
14.52
14.6
14.57
14.79
14.93
14.72
14.59
14.33
14.36
14.47
14.26
14.18
14.09
13.97
13.98
13.86
13.86
13.85
13.82
13.72
13.41
13.47
13.94
13.48
13.73
13.79
13.87
13.31
13.7
13.37
13.26
13.47
13.31
13.23
13.32
13.29
13.38
13.43
13.52
13.48
13.6
13.18
13.17
13.4
13.47
13.57
13.32
13.33
13.54
13.54
13.58
13.5
13.55
13.41
13.54
13.55
13.32
13.07
13.34
13.43
13.28
13.76
13.45
13.43
13.37
13.35
13.46
13.3
13.31
13.16
13.24
13.29
13.24
13.12
13.15
13
12.92
13.11
13.07
13.06
13.28
13.06
13.35
13.24
13.14
13.23
13
13.11
13.16
12.96
13.06
13.03
12.91
13.02
13.13
13
12.86
12.86
12.73
12.77
12.9
12.67
12.87
12.96
13.19
13.01
12.83
13.14
12.79
12.94
12.95
12.88
12.73
12.77
12.84
12.93
12.84
13.1
12.8
12.88
12.44
12.72
12.62
12.65
12.46
12.4
12.54
12.57
12.45
12.32
12.55
12.44
12.62
12.69
12.6
12.96
12.87
13.21
12.92
13.22
13.45
13.29
13.49
13.04
13.26
13.17
13.18
13.26
13.28
13.45
13.72
13.27
13.25
13.15
13.18
13.36
13.28
13.2
13.32
12.93
13.5
13.72
13.6
13.48
13.39
13.43
13.41
13.3
13.36
13.3
13.22
13.3
13.45
13.25
13.31
13.46
13.49
13.61
13.65
13.98
13.55
13.82
13.91
14.18
13.96
13.92
13.67
13.44
13.76
13.6
13.86
13.49
13.79
13.58
14.2
14
13.78
13.89
13.89
13.77
13.65
13.96
13.86
13.91
13.96
13.89
14.33
14.15
14.09
13.95
14.25
14.1
13.95
14.18
13.97
14.18
14.27
14.41
14.4
14.23
14.23
14.11
14.11
14.44
14.37
14.14
14.46
13.99
14.13
14.51
14.36
14.28
14.21
14.42
14.36
14.72
14.81
14.82
14.93
14.93
15.02
15
14.95
14.77
14.56
14.67
14.74
14.78
14.86
14.95
15.18
15.12
15.14
15.21
15.15
15.28
15.4
15.57
15.59
15.89
15.61
15.94
16.22
15.82
16.09
15.83
15.78
15.71
15.96
15.73
15.81
16.37
15.87
15.96
16.18
16.11
15.81
15.57
15.66
15.44
15.36
14.94
15.03
15.18
15.1
15.09
14.74
15.16
14.9
14.92
15
14.79
14.75
14.85
14.91
14.61
14.84
14.62
14.46
14.45
14.18
14.38
14.34
14.66
14.4
14.34
14.5
14.3
14.17
14.37
14.24
14.03
14.34
14.35
14.29
14.34
14.09
14.47
14.31
14.24
14.31
14.53
13.93
14.27
14.18
14.2
14.11
14.15
14.14
14.1
14.61
14.34
14.22
14.07
13.97
14.28
14.24
13.8
13.95
13.67
13.8
13.68
13.87
13.71
13.83
13.36
13.69
13.79
13.76
13.88
13.83
13.86
13.82
13.92
14
14.05
14.2
14.19
14.06
14.4
14.34
14.12
14.41
14.23
14.32
14.24
15.4
12.41
12.58
12.9
12.75
12.54
12.66
12.92
12.72
12.48
12.51
12.44
12.37
12.44
12.59
12.39
12.43
12.59
12.49
12.95
12.53
12.4
12.56
12.57
12.49
12.18
12.28
12.07
11.94
12.03
12.06
11.97
12.09
11.99
11.92
11.91
12.12
12.24
11.91
12.07
12.01
11.87
12.35
12.34
12.29
12.29
11.96
11.94
12.15
12.04
12.24
12.06
12.39
12.42
12.28
12.32
12.26
12.31
12.35
12.15
12.17
12.17
12.28
11.97
12.32
12.51
12.05
11.96
12.23
12.36
12.45
12.31
12.27
12.11
12.34
12.46
12.3
12.47
12.67
12.36
12.41
12.62
12.47
12.75
12.78
12.84
12.94
13.34
13.15
12.91
12.84
13.34
12.93
12.84
12.77
12.93
13.14
13.12
12.89
12.95
13.08
12.69
12.97
12.86
13.35
12.87
12.89
13.18
13.23
13.45
13.29
13.31
13.25
13.25
13.2
13.26
13.56
13.21
13.34
13.47
13.55
13.7
13.67
13.46
13.54
13.6
13.49
13.65
13.64
13.68
13.54
13.49
13.62
13.37
13.45
13.27
13.6
13.82
13.55
13.81
13.63
14.02
13.84
13.88
14.18
13.87
14.19
13.66
14.12
13.84
13.72
13.88
13.61
13.61
14.05
13.92
13.85
13.79
13.57
13.6
13.75
13.39
13.68
13.63
13.84
13.71
13.54
13.6
13.24
13.25
13.7
13.8
13.8
13.72
13.32
13.62
13.7
13.68
13.61
13.15
13.47
13.2
13.54
13.42
13.4
13.21
13.33
13.27
13.46
13.41
13.37
13.06
13.21
13
12.99
12.98
12.94
12.63
12.63
12.91
12.66
12.68
12.85
12.56
12.42
12.93
12.51
12.84
12.91
13.04
13.15
13.09
13.07
12.84
12.87
12.53
12.8
12.72
12.71
12.62
12.55
12.68
12.73
12.68
12.64
12.7
12.74
12.83
12.91
12.69
12.76
12.61
12.8
12.65
12.4
12.34
12.12
12.2
12.37
12.4
12.18
12.2
12.43
12.61
12.36
12.37
12.19
12.44
12.04
11.97
12.12
12.26
12.07
12.15
12.11
12.04
12.26
12.09
11.91
12.05
12.15
12.01
11.7
12.01
11.61
11.91
12
11.67
12.09
11.84
11.89
11.67
11.9
11.86
11.86
11.92
12.12
12.09
11.84
12.12
12.09
11.96
11.87
11.96
11.83
11.94
11.89
11.78
12.2
11.96
11.91
11.97
11.93
11.9
12.1
11.95
12.26
12.11
12.26
12.3
12.15
12.44
12.31
12.26
12.1
12.42
12.46
12.29
12.53
12.39
12.66
12.54
12.69
12.51
12.67
12.41
12.76
12.35
12.55
12.31
12.68
12.47
12.39
12.54
12.44
12.33
12.37
12.42
12.38
12.21
12.57
12.5
12.61
12.79
12.99
12.71
12.92
12.61
12.78
12.65
12.67
12.69
12.64
12.72
12.86
12.73
12.82
12.73
12.75
12.48
12.65
12.87
12.84
13.06
13.05
13.48
13.48
13.26
13.43
13.51
13.23
13.27
13.31
13.42
13.41
13.51
13.6
13.95
14.03
14.02
13.88
14.08
14.08
14.45
14.27
14.42
14.46
14.42
15.01
14.71
14.87
14.89
14.56
14.74
14.94
14.69
14.54
14.46
14.46
14.49
14.54
14.47
14.36
14.27
14.5
14.49
14.36
14.57
14.48
14.5
14.31
14.75
14.36
14.28
14.32
14.17
14.15
14.06
14.16
14.26
14.1
14.11
14.28
14.34
14.22
14.15
14.12
14.13
13.82
14.2
13.94
14.27
14.14
14.32
14.25
14.17
14.21
14.15
13.89
14.02
13.91
13.96
14.86
18.3
13.74
14.72
15.44
14.75
15.47
15.23
15.43
15.41
15.52
15.19
15.64
14.93
15.56
15.26
15.55
15.09
15.45
15.27
14.94
15.25
15.15
15.44
15.46
15.37
15.42
15.45
15.28
15.14
15.41
15.26
15.34
15.28
15.14
15.45
15.33
15.22
15.3
14.97
15.17
15.06
15.28
15
15.16
15.15
15.2
15.29
15.32
15.52
14.7
15.04
15.26
15.01
15.26
15.31
15.2
15.52
15.18
15.35
14.91
15.2
14.9
15.05
15.03
14.8
15.02
14.9
14.79
15.11
15.19
15.08
14.95
14.58
14.62
14.68
14.64
14.59
14.3
14.45
14.7
14.81
14.51
14.38
14.53
14.35
14.78
14.15
14.1
13.75
14.01
14.25
14.56
14.15
14.11
14.48
14.18
14.42
14.21
14.11
14.25
14
14.1
14.36
13.97
14.26
14.31
13.68
14.14
14.08
14.24
14.11
13.95
14.66
14.41
14.3
14.41
14.06
14.2
14.04
14.36
14.39
14.53
14.17
14.47
14.57
14.14
14.53
14.08
14.14
14.19
14.22
14.08
14.33
13.65
14.07
14.29
14.19
14.11
13.74
13.96
13.49
14.04
13.57
14.01
14.07
13.77
14.08
14.09
14
14.22
14.07
14.29
14.4
14.25
14.57
14.29
15.08
14.86
14.57
14.58
14.51
14.9
14.64
14.79
14.78
14.94
14.66
14.92
14.99
15.38
15.65
15.22
15.35
15.43
15.25
15.82
15.43
15.86
15.46
15.6
16.06
15.49
16.05
15.68
15.51
15.82
15.64
16.16
15.54
15.81
15.97
15.79
15.69
15.75
15.88
16.19
15.86
15.81
16.16
15.99
16.09
15.98
16.27
15.94
16.17
16.44
16.16
15.81
16.37
16.35
16.41
16.05
15.92
16.56
16.32
16.64
16.29
16.39
16.18
16.55
16.26
16.69
16.4
16.43
16.72
16.79
16.9
17.01
17.02
16.39
16.77
16.81
16.47
16.63
16.83
16.57
17.01
16.79
16.82
16.65
16.72
16.71
16.71
17.25
16.32
16.54
16.58
17.04
16.89
16.45
16.63
16.36
16.36
16.41
16.54
16.63
16.96
16.67
16.08
16.55
16.64
16.45
15.94
16.18
16.01
16.08
16.6
16.09
15.97
16.32
16.68
16.4
16.45
16.38
16.25
16.09
16.45
16.12
15.91
15.92
16.41
16.34
16.29
16.4
16.49
16.36
16.51
16.5
16.5
16.54
16.38
16.63
16.54
16.41
16.27
16.12
16.21
16.15
16.06
16.02
15.86
16.06
15.33
15.98
15.95
15.89
15.85
15.14
15.86
14.9
15.37
14.99
14.96
15.05
15.02
14.78
14.7
14.82
14.09
14.49
14.46
14.53
14.78
14.53
14.65
14.8
14.97
14.89
14.86
14.76
14.76
14.66
14.89
14.35
14.62
14.57
14.55
14.3
14.5
14.45
14.18
14.3
14.21
14.04
14.44
13.94
14.08
14.01
14.14
14.27
13.57
14.23
13.7
13.83
14.06
14.26
13.92
13.93
14.86
14.04
14.29
14.34
14.52
14.11
14.31
14.46
14.1
14.5
14.18
14.16
14.11
14.49
14.47
14.56
14.33
14.17
14.45
14.42
14.1
14.36
14.38
14.01
14.39
13.97
14.14
14.23
13.69
13.86
14.09
13.72
13.8
13.86
13.79
14.12
14.05
14.23
14.17
13.8
14.07
14.05
14.05
14.17
14.13
14.19
14.55
14.53
14.56
14.49
14.36
14.33
14.23
14.58
14.09
14.14
14.13
14.32
14.71
14.75
14.68
14.85
14.89
14.63
14.8
14.89
15.09
15.17
15.03
15.34
15.56
15.17
15.22
15.77
14.41
14.53
14.9
14.83
14.79
15
14.79
14.83
14.83
15.25
14.43
14.8
15.09
15.23
15.13
15.32
15.5
14.78
15.2
15.11
14.92
15.11
14.98
15.31
15.16
14.87
14.91
15.18
15.29
15.74
15.54
15.63
15.64
16.19
15.94
15.77
15.69
15.46
15.58
15.86
15.13
15.44
15.45
15.72
15.4
15.9
15.72
15.75
15.7
15.92
15.52
16.07
15.56
15.89
15.88
16.08
15.66
15.72
15.9
15.49
15.62
15.72
15.51
15.44
15.52
15.66
15.45
15.58
15.7
15.64
15.53
16.03
15.76
15.79
15.57
15.76
15.73
15.87
16.3
15.92
15.83
15.89
15.86
15.84
15.78
16.17
16.11
15.95
15.87
16.13
15.72
15.67
15.88
15.37
15.7
15.73
15.65
16.01
15.67
15.76
16.07
15.93
16.15
15.9
15.84
16.17
16.4
16.43
16.2
16.42
16.15
16.02
16.23
16.25
16.04
15.94
15.95
15.86
16.22
15.77
16.22
15.79
15.65
15.84
16.09
15.76
15.7
15.46
15.69
15.68
15.38
15.63
15.18
15.43
15.68
15.18
15.01
14.88
14.99
14.95
14.85
15.14
14.6
14.83
14.65
14.81
14.97
14.48
14.23
14.5
14.56
14.79
14.03
14.54
14.27
14.23
13.95
14.23
13.96
14.15
13.66
13.68
13.6
13.95
14.18
13.52
14
14.04
13.84
13.69
14.05
13.63
13.69
13.84
13.88
13.52
13.63
14.31
13.7
13.58
13.9
14.29
13.63
13.45
13.54
13.81
13.62
13.41
13.24
13.3
13.21
13.43
13.38
13.54
13.34
13.48
13.4
13.25
13.55
13.2
13.5
13.28
12.96
13.03
13.29
13.14
13.03
13.66
13.31
13.62
13.69
13.51
13.62
13.67
13.58
13.52
13.31
13.44
13.42
13.64
13.44
13.59
13.44
13.64
13.02
13.88
13.41
14.12
13.77
13.73
14.26
14.26
14.02
14.53
14.06
13.57
13.81
13.78
13.81
14.1
13.88
13.7
14.13
14.39
13.82
13.79
14.15
13.37
13.68
13.81
13.55
13.5
13.77
13.96
13.91
13.62
13.81
14.22
14.38
14.5
14.31
14.07
13.83
14.31
14.09
13.99
14.2
14.84
14.35
14.83
14.6
14.71
14.61
14.61
14.95
14.37
14.96
14.45
14.47
14.77
14.54
15.02
15.31
14.61
15
14.84
15.14
15.11
15.29
15.25
15.86
15.48
15.41
15.39
15.41
15.81
15.35
15.36
15.66
15.45
15.45
15.62
15.39
15.93
15.71
15.93
15.85
16.31
15.99
16.62
15.98
15.9
15.55
15.97
16.38
16.12
16.78
16.65
16.66
16.89
16.93
16.8
16.94
17.1
17.43
17.31
17.28
17.51
17.26
17.18
17.05
17.27
17.38
17.1
17.15
16.77
17.34
16.82
17.24
16.96
16.94
16.81
16.95
17.21
16.62
16.92
16.69
16.98
16.94
17.13
17.04
16.96
16.71
16.85
17.06
16.93
16.78
16.9
16.7
17.27
16.81
17.82
17.09
16.87
16.85
16.87
17.76
16.85
16.89
16.64
16.82
16.8
16.31
16.65
16.42
15.69
16.04
15.97
15.94
16.12
15.52
16.27
15.47
15.32
15.39
14.75
15.02
15.12
14.93
14.76
14.96
14.95
14.96
14.94
14.55
14.56
14.42
14.13
14.48
14.67
14.61
14.27
14.04
14.34
14.25
14.25
14.1
14.27
14.14
14.21
14.13
13.67
14.48
13.71
14.34
13.63
14.36
13.77
13.87
13.97
14.39
14.41
14.53
14.58
13.81
14.5
14.29
14.6
14.1
14.56
13.91
15.42
14.17
14.27
14.05
14.05
14.08
13.98
14.16
13.91
13.67
14
13.44
13.56
14.04
14.14
13.85
14.16
14.25
14.51
14.44
14.02
14.24
14.01
14.09
14.05
14.63
14.11
14.2
13.86
14.61
13.98
13.84
13.5
13.96
13.45
13.95
14.11
13.43
13.18
13.56
12.93
13.16
13.42
13.39
13.35
13.21
13.63
13.69
13.15
13.67
13.13
13.37
13.06
13.4
13.51
13.38
13.47
13
13.67
13.15
13.11
13.16
13.36
13.47
13.6
13.63
13.28
13.58
13.62
13.24
13.36
13.23
13.73
13.12
13.62
13.42
13.59
13.79
13.53
14
14.04
14.39
13.87
14
13.95
13.43
13.92
14.05
14.59
14.07
14.17
14.3
14.43
14.25
14.37
14.32
14.65
15.31
14.3
14.57
14.47
14.72
14.45
14.82
14.89
14.48
15.14
14.81
15.16
15.44
15.57
15.3
15.6
15.7
15.61
15.46
15.18
15.72
15.8
15.71
15.95
15.98
16.24
15.87
16.28
16.24
16.65
16.37
16.39
16.35
16.48
16.44
16.39
16.75
17.04
16.63
17.14
17.52
17
16.98
17.2
17.16
17.11
16.87
16.91
17.37
17.12
17.32
17.21
16.98
17.12
17.41
17.13
17
17.46
17.32
16.7
17.48
16.96
17.35
17.63
17.58
17.47
17.45
17.58
17.39
17.61
17.5
17.23
17.52
17.47
17.19
17.02
17.46
17.36
17.11
17.46
17.36
16.8
16.91
17.28
17.13
17.18
17.17
17.14
17.4
17.73
17.42
17.16
17.25
17.46
17.31
17.46
17.59
17.24
17.01
17.72
17.41
17.65
17.43
17.17
17.31
17.17
18.17
17.43
17.25
17.43
17.2
17.38
17.31
17.09
16.68
16.69
16.61
16.7
16.38
16.33
16.15
16.11
16.08
16.05
15.87
16.09
15.69
15.77
15.99
16.03
15.95
15.9
16.03
16.05
16.15
16.1
15.86
16.04
15.75
15.36
15.9
15.61
15.38
15.54
15.41
14.9
14.88
15.4
15.07
15.19
14.95
14.98
15.08
14.79
14.77
14.95
14.97
15.02
14.47
15.27
14.61
14.57
14.54
14.4
14.75
14.28
14.16
14.32
13.97
14.36
13.5
14
13.95
14.54
13.81
14.07
14.12
13.81
14.1
13.97
13.89
14.02
14.02
14.23
13.91
14.33
14.26
13.59
13.93
13.89
13.86
14.15
14.23
14.05
13.82
13.97
13.66
13.89
14.04
13.99
14.06
14.38
14.31
13.96
14.14
14.09
13.87
13.98
14.04
13.96
14.15
13.81
13.91
13.99
14.21
14.47
13.99
13.87
14
14.18
13.91
14.04
13.84
13.82
13.82
14
14.1
13.62
14.36
14.36
13.89
14.42
13.95
14.25
14.08
14.35
14.68
14.56
14.56
14.53
14.5
14.71
14.47
14.44
13.97
14.35
14.38
14.81
14.47
14.74
14.68
14.41
14.78
14.78
14.52
14.44
14.96
14.68
14.86
15.61
14.97
15.04
14.94
15.63
15.67
15.9
15.7
15.33
15.46
15.57
15.61
15.73
15.49
16.08
15.71
16.28
16.27
16.25
16.66
16.57
16.57
17.01
16.73
16.32
16.65
17.25
16.42
17.31
16.91
16.83
17.04
17
16.8
16.88
16.35
16.92
17.14
17.34
17.1
16.74
16.8
16.77
17.04
17.03
17.77
16.9
17.07
16.75
17.18
16.64
16.93
17.17
17.15
17.18
17.11
17.24
17.7
17.37
17.32
17.8
18.04
17.78
18
18.23
18.39
18.65
18.94
18.22
19.03
18.08
18.61
18.39
18.83
18.79
18.79
19.63
19.77
20.22
19.99
20.12
19.52
20.11
19.61
19.7
19.11
19.4
19.35
19.63
18.9
19.54
19.44
19.63
19.62
20.2
19.73
19.57
19.27
19.64
19.74
19.57
19.11
19.2
18.35
18.81
18.53
18.72
18.64
18.47
18.23
18.47
18.17
17.64
17.82
17.66
17.77
18.24
17.7
17.56
17.57
17.39
17.13
17.27
17.27
16.91
16.93
17.43
16.87
17.37
16.58
17.02
16.85
16.71
16.86
16.73
17.08
16.34
16.61
16.84
16.96
16.58
16.43
16.53
16.94
17.06
16.9
16.31
17.42
16.27
16.53
16.36
16.98
16.34
16.49
16.62
16.27
16.55
16.44
16.12
15.89
16.37
16.01
16.08
15.79
15.66
16.14
16.09
15.65
15.36
15.69
15.61
15.99
15.72
16.11
15.5
15.86
16.44
15.84
16.09
16.04
15.72
15.57
15.94
15.63
15.4
15.57
15.47
15.46
15.7
15.77
15.68
15.3
15.98
15.54
15.7
15.56
15.46
14.84
15.27
15.53
15.51
15.19
15.62
15.27
15.05
15.27
15.02
15.61
15.26
15.29
15.37
15.46
15.26
14.99
14.88
15.15
14.97
15.22
15.16
15.45
15.35
15.19
15.67
15.2
15.57
15.19
15.14
15.49
15.33
15.15
15.19
15.02
14.89
15.25
15.21
15.32
15.34
15.58
14.94
15.72
15.29
15.69
15.62
15.27
15.79
15.92
15.82
15.88
16.02
16.29
16.2
16.63
16.45
16.33
16.03
16.07
16.25
16.73
16.73
16.69
16.25
16.72
16.56
16.49
16.51
17.07
16.76
16.81
17.2
17.18
17.26
17.14
17.41
17.74
17.75
17.64
17.49
17.88
17.58
17.63
18.03
17.68
18.19
17.6
18.39
18.34
18.39
18.03
18.3
18.1
19.05
18.73
18.81
18.46
18.8
18.81
18.22
18.74
18.26
18.65
19.21
19.65
19.43
19.11
19.52
19.18
19.57
19.42
19.71
19.72
19.99
19.71
19.85
19.98
19.9
19.55
19.77
19.92
19.79
20.02
19.72
19.69
19.73
20.45
20.1
20.09
20.13
19.9
19.69
20.13
20.08
19.92
19.86
19.99
19.96
19.72
19.67
19.87
19.32
19.59
19.75
19.89
19.81
20.21
19.32
19.95
20.03
20.35
19.95
19.96
20.05
20.04
20.42
19.64
19.66
19.3
19.59
19.68
19.55
19.45
19.93
19.87
19.97
19.93
19.82
19.91
19.57
19.46
19.58
19.21
18.94
19.26
19.35
19.41
19.74
19.62
19.63
19.2
18.81
18.69
18.59
18.6
18.1
17.91
18.03
18.13
18.28
18.11
18.08
18.12
17.87
17.82
17.94
17.43
17.81
17.09
17.52
17.45
17.21
17.26
17.74
17.05
16.68
17.21
17.01
16.78
16.58
16.79
17.15
16.73
17
16.73
16.7
16.47
16.28
16.53
16.24
16.24
16.28
16.18
16.51
15.75
16.18
15.67
15.8
15.96
15.67
15.53
15.64
15.71
15.52
16.02
15.56
15.41
15.67
15.26
15.93
15.31
15.58
15.34
15.74
15.5
15.26
15.09
15.34
15.33
15.13
15.76
16.3
15.58
15.44
15.51
15.39
15.53
15.55
15.62
15.47
15.43
15.5
15.37
15.35
15.58
15.34
15.9
15.56
15.39
15.63
15.65
15.8
15.6
15.63
15.87
15.83
15.55
15.6
15.8
16.03
16.31
15.66
15.89
16.39
15.68
15.9
16.03
15.85
15.74
15.9
15.86
15.82
15.9
15.78
15.92
16.47
15.94
15.69
15.93
16.38
16.36
16.62
16.51
16.98
16.39
17.2
16.7
16.86
17
16.81
16.97
17.87
15.03
15.21
14.98
15.08
15.23
14.88
14.63
14.77
14.69
14.53
15.13
14.77
15.19
14.86
15.01
15.65
15.5
15.77
15.11
15.53
15.68
15.53
16.09
15.72
15.28
15.99
16.22
16.24
16.44
16.2
16.28
16.27
16.53
16.49
16.57
17.13
16.78
17.02
17.01
16.62
17.48
17.1
16.88
17.32
17.29
17.37
17.07
17.09
17.61
17.46
17.75
17.79
17.62
17.29
17.31
17.81
17.78
17.81
17.63
17.87
17.89
18.02
18.07
17.59
17.51
17.45
17.58
17.41
17.67
17.78
17.79
18
17.57
18.38
17.85
17.66
17.55
17.99
18.32
18.3
18.38
18.29
18.29
18.89
19.05
18.5
18.44
19.12
18.23
18.74
18.58
18.61
18.11
18.73
18.28
18.25
18.97
18.61
18.62
18.77
18.48
18.92
18.74
19.31
19.1
19.4
19
18.83
19.02
18.82
18.76
19.24
18.98
18.88
18.96
19.11
19.2
19.25
19.48
19.44
18.98
18.67
18.67
19.06
18.55
18.38
18.51
18.29
18.82
18.48
18.04
18.09
17.83
17.71
17.42
17.65
17.52
17.47
17.26
17.64
17.88
17.59
17.84
17.32
16.96
17.11
16.71
17.11
16.71
16.72
16.95
16.68
16.91
16.66
16.5
16.21
16.49
16.31
16.66
16.67
16.82
16.67
16.68
16.62
16.51
16.05
16.19
15.85
16.09
15.97
15.6
15.7
16.19
16.05
16.29
16.06
15.83
15.81
15.73
15.68
15.94
15.48
15.56
15.18
15.61
14.94
15.51
15.08
14.76
14.74
14.37
14.78
15.02
14.91
14.56
15.21
14.57
15.04
15.16
14.1
14.63
14.06
14.54
14.35
14.46
14.18
14.48
14.32
13.86
14.18
14.16
14.21
14.08
14.24
13.97
14.21
13.71
14.37
14.09
14.01
14.16
14.14
13.89
14.63
13.68
14.36
14.37
13.66
14.06
14.34
14.02
14.17
13.87
14.05
13.66
13.91
13.6
13.63
13.57
14.25
14.07
14.11
14.43
13.73
13.88
13.51
14.23
14.43
14.18
14.73
14.67
14.58
14.64
14.81
14.09
14.41
13.97
14.28
13.97
14.38
14.46
14.42
14.36
14.57
14.54
14.28
14.93
14.81
14.65
14.88
15.2
15.21
15.41
15.95
16.01
16.46
16.21
15.94
15.84
15.71
15.86
15.71
16.01
15.89
16.31
16.44
16.4
15.9
16.08
15.86
16.58
16.42
15.66
15.3
16.12
15.88
16.32
16.36
16.51
16.26
16.56
16.61
16.4
16.49
16.23
16.44
16.34
17.2
16.63
16.56
16.59
16.41
16.59
16.75
16.63
16.88
16.99
16.78
17.15
17.11
17.06
17.27
17.2
17.16
17.08
16.66
17.2
17.07
17.14
17.6
17.37
17.8
17.49
17.98
17.5
17.66
18.32
17.64
17.85
17.8
17.88
17.78
18.42
18.69
18.17
18.44
17.6
17.47
17.75
17.1
17.48
17.21
17.92
18.1
18.25
18.24
18.09
18.27
17.78
18.1
17.35
17.82
17.64
17.73
18.11
18
17.96
17.87
17.87
17.89
17.69
18.04
17.57
17.76
17.92
18.49
17.93
18.34
17.76
17.93
18.02
17.86
17.94
17.76
17.61
17.58
18.4
17.38
17.55
17.07
17.12
17.19
16.93
17.14
16.75
17.37
16.9
16.6
16.7
16.44
16.63
16.98
16.58
16.56
16.52
16.19
16.2
16.3
16.18
16.44
16.3
16.16
16.15
15.76
15.84
15.86
15.79
15.42
15.25
15.63
15.72
15.92
15.96
15.28
15.78
15.73
15.71
16.06
15.45
14.95
14.82
0
