1.44713
1.39515
1.39852
1.39438
1.3975
1.36865
1.3717
1.36951
1.38841
1.40203
1.39543
1.37955
1.36561
1.38201
1.38929
1.39349
1.3767
1.35889
1.36217
1.38309
1.38981
1.39243
1.38436
1.37804
1.38352
1.40458
1.39701
1.37702
1.36534
1.35528
1.35697
1.37737
1.37068
1.34957
1.34854
1.36031
1.36371
1.37355
1.35735
1.34495
1.33052
1.33899
1.35666
1.36538
1.3676
1.34949
1.34488
1.35242
1.3592
1.34499
1.32491
1.32144
1.32042
1.33612
1.36939
1.35582
1.34011
1.33966
1.33854
1.35505
1.34371
1.32155
1.31062
1.30933
1.3229
1.3436
1.34386
1.32575
1.32213
1.33586
1.33171
1.3353
1.31137
1.30566
1.3046
1.3011
1.31799
1.34041
1.32213
1.31137
1.3172
1.33749
1.32144
1.32122
1.2946
1.29077
1.29772
1.32795
1.32677
1.32472
1.31198
1.30919
1.31796
1.32355
1.31051
1.28755
1.27789
1.29807
1.30919
1.31151
1.30776
1.29733
1.29653
1.30106
1.30399
1.30247
1.29856
1.28387
1.28294
1.29962
1.31868
1.29751
1.29867
1.29161
1.29558
1.30495
1.30279
1.27962
1.28133
1.2802
1.28607
1.30329
1.29265
1.29335
1.29258
1.30191
1.30744
1.29902
1.28236
1.2749
1.2608
1.26994
1.28731
1.29555
1.29088
1.29202
1.28106
1.29513
1.2937
1.2812
1.2612
1.26289
1.26646
1.27765
1.30194
1.29628
1.28106
1.28859
1.2914
1.29492
1.27755
1.26336
1.25684
1.25091
1.27939
1.28977
1.29161
1.28648
1.27915
1.28714
1.29488
1.28174
1.25984
1.26037
1.26034
1.27983
1.28835
1.29705
1.29005
1.29324
1.29572
1.29751
1.28717
1.27247
1.26759
1.26239
1.26346
1.28963
1.30035
1.29171
1.2839
1.28198
1.29185
1.27592
1.28548
1.26981
1.26914
1.27402
1.28908
1.30275
1.29583
1.28998
1.29074
1.29951
1.30173
1.29227
1.26961
1.25431
1.25971
1.28452
1.298
1.28914
1.29453
1.29039
1.30641
1.28742
1.29404
1.26649
1.26472
1.26773
1.28287
1.30502
1.29011
1.29905
1.29551
1.29258
1.30318
1.29154
1.26994
1.27135
1.26296
1.28284
1.29807
1.29467
1.29537
1.28164
1.2973
1.31054
1.29029
1.28973
1.27565
1.27122
1.27602
1.31302
1.30332
1.30424
1.29653
1.2953
1.31608
1.30057
1.29467
1.28707
1.27389
1.28576
1.29328
1.31029
1.31839
1.31438
1.3151
1.32151
1.32126
1.30509
1.28411
1.29001
1.29164
1.29611
1.32758
1.332
1.30641
1.31514
1.31047
1.31593
1.30251
1.28662
1.2686
1.2814
1.30201
1.30102
1.31575
1.3155
1.30449
1.30708
1.29979
1.29898
1.28031
1.26951
1.2727
1.28
1.29321
1.29513
1.29562
1.30591
1.29646
1.30293
1.30113
1.28579
1.28339
1.26769
1.26776
1.28284
1.30095
1.30687
1.29646
1.29754
1.29905
1.30166
1.29025
1.26739
1.26559
1.26793
1.27898
1.29363
1.29569
1.29293
1.28257
1.2973
1.30032
1.28562
1.27419
1.26293
1.27041
1.28462
1.30057
1.29933
1.29919
1.28935
1.30014
1.30701
1.29951
1.28679
1.26226
1.27078
1.2827
1.30205
1.31069
1.30837
1.30014
1.29902
1.31051
1.30159
1.28435
1.27301
1.27331
1.275
1.29328
1.30244
1.29216
1.27517
1.28068
1.28579
1.29345
1.27318
1.26249
1.25441
1.26596
1.26883
1.29129
1.29182
1.27521
1.29384
1.28542
1.28991
1.27993
1.26229
1.25434
1.24831
1.27466
1.29039
1.29057
1.27721
1.27129
1.287
1.29387
1.27728
1.26279
1.26392
1.25431
1.27041
1.2837
1.29081
1.28031
1.27203
1.28267
1.29586
1.28835
1.25875
1.25026
1.24404
1.25016
1.26233
1.28287
1.28449
1.28635
1.27847
1.28728
1.26733
1.26469
1.24669
1.24018
1.24121
1.25813
1.27075
1.28524
1.27986
1.2725
1.27884
1.27243
1.2786
1.24974
1.24591
1.24378
1.24831
1.2617
1.27548
1.27439
1.27095
1.27392
1.2728
1.26823
1.24821
1.23276
1.23842
1.24214
1.25855
1.26366
1.26609
1.26452
1.26749
1.27119
1.26356
1.24481
1.234
1.22265
1.23628
1.25625
1.26904
1.27338
1.26409
1.26283
1.26596
1.27095
1.28335
1.2572
1.23216
1.24523
1.26336
1.27206
1.2572
1.24974
1.25879
1.26253
1.24792
1.218
1.22515
1.2206
1.23292
1.25192
1.24876
1.25385
1.24688
1.25356
1.25075
1.2397
1.22819
1.23137
1.23162
1.23184
1.25608
1.2513
1.2573
1.24902
1.26572
1.25635
1.24536
1.23833
1.21831
1.21325
1.22593
1.23756
1.25251
1.25493
1.25592
1.25859
1.26442
1.25287
1.24327
1.2124
1.21942
1.22237
1.23657
1.24831
1.26496
1.24385
1.25862
1.26266
1.25954
1.2346
1.22418
1.22284
1.22032
1.24015
1.25372
1.26479
1.2615
1.25513
1.25832
1.25948
1.25991
1.23336
1.23074
1.24756
1.24217
1.2678
1.27571
1.27928
1.26733
1.27018
1.26823
1.26843
1.25264
1.25668
1.24339
1.25284
1.26709
1.27558
1.27997
1.27045
1.27439
1.27632
1.26037
1.25526
1.24265
1.24565
1.24314
1.25958
1.26944
1.26836
1.26917
1.27806
1.27796
1.27119
1.25589
1.24063
1.23625
1.23492
1.26037
1.26253
1.26422
1.26452
1.26552
1.27748
1.26379
1.25869
1.23153
1.22652
1.23489
1.24217
1.25323
1.26362
1.25836
1.25176
1.2616
1.25085
1.24404
1.23874
1.22302
1.22066
1.23352
1.25618
1.26459
1.26422
1.25228
1.26974
1.26402
1.26813
1.23511
1.21673
1.22605
1.23384
1.24636
1.25156
1.25179
1.24079
1.24659
1.24958
1.24863
1.23584
1.22358
1.21279
1.21341
1.24307
1.24539
1.25023
1.23099
1.24217
1.2381
1.24288
1.23527
1.22094
1.2155
1.22618
1.24098
1.24468
1.25274
1.25444
1.24198
1.24188
1.25147
1.23893
1.22655
1.20421
1.21319
1.23093
1.24204
1.24156
1.24346
1.23622
1.23609
1.23679
1.23782
1.218
1.20785
1.21442
1.21276
1.22938
1.23715
1.23702
1.23775
1.2326
1.23514
1.24069
1.23244
1.21519
1.20494
1.22144
1.22555
1.23877
1.24227
1.24391
1.2488
1.25809
1.24472
1.23973
1.22916
1.21541
1.22355
1.23692
1.24922
1.24611
1.2531
1.24536
1.24336
1.24633
1.24692
1.21781
1.20977
1.21843
1.22468
1.24368
1.25003
1.24121
1.23989
1.25013
1.25326
1.23667
1.22746
1.21766
1.21877
1.2253
1.23137
1.24294
1.24546
1.24614
1.24523
1.24349
1.2532
1.24527
1.22433
1.22756
1.22446
1.23906
1.24831
1.25684
1.23131
1.22671
1.24217
1.24314
1.22602
1.21243
1.20609
1.21519
1.23036
1.23457
1.23941
1.23657
1.24214
1.24659
1.23635
1.23558
1.22287
1.21163
1.2188
1.22305
1.22724
1.24114
1.23893
1.24191
1.23514
1.24459
1.23718
1.22891
1.21661
1.2188
1.22787
1.23887
1.24108
1.24494
1.23727
1.23346
1.23689
1.23393
1.21541
1.21283
1.21126
1.21218
1.22809
1.23349
1.23667
1.22147
1.23403
1.24417
1.23026
1.22963
1.21541
1.20998
1.21243
1.21485
1.24343
1.23788
1.22979
1.22023
1.23289
1.23495
1.22602
1.21255
1.19504
1.2009
1.22945
1.22985
1.22684
1.221
1.22781
1.23721
1.24047
1.21911
1.21316
1.21335
1.19448
1.2201
1.22794
1.23431
1.2188
1.22546
1.21405
1.22866
1.23346
1.2123
1.20033
1.20391
1.21359
1.23743
1.24688
1.22863
1.22383
1.23134
1.23609
1.2415
1.23235
1.212
1.21593
1.21787
1.22371
1.24137
1.23753
1.21639
1.23444
1.23536
1.24323
1.24057
1.21393
1.21102
1.2151
1.22496
1.23216
1.23753
1.23241
1.2264
1.23884
1.24627
1.23597
1.21525
1.21587
1.20892
1.22583
1.23508
1.23257
1.23162
1.22427
1.22794
1.22982
1.23648
1.22001
1.20542
1.20247
1.21023
1.22709
1.23504
1.22203
1.21602
1.21957
1.22524
1.22309
1.22262
1.20159
1.20042
1.20612
1.20661
1.2264
1.21418
1.1971
1.20898
1.22013
1.2131
1.21335
1.19755
1.18317
1.19904
1.20758
1.22863
1.21405
1.22471
1.21655
1.22533
1.23187
1.22508
1.21855
1.20552
1.1994
1.21445
1.2233
1.23222
1.22237
1.21519
1.21534
1.23954
1.22665
1.19856
1.20102
1.18803
1.20437
1.21209
1.21108
1.2098
1.21084
1.20304
1.2143
1.21871
1.20709
1.19068
1.1868
1.18971
1.21445
1.22246
1.24666
1.27102
1.25651
1.26064
1.23039
1.22265
1.22973
1.22932
1.24915
1.25747
1.24175
1.23613
1.239
1.24727
1.25849
1.25264
1.23229
1.23229
1.22524
1.24381
1.26127
1.26007
1.25281
1.25816
1.25908
1.26522
1.2612
1.24922
1.23416
1.24818
1.26229
1.26723
1.27521
1.26299
1.25176
1.26226
1.26716
1.26236
1.26659
1.25267
1.24967
1.2513
1.26937
1.27338
1.26616
1.25441
1.25859
1.26756
1.26626
1.26529
1.25163
1.24831
1.24922
1.26496
1.27436
1.26186
1.26123
1.2572
1.27011
1.26586
1.26803
1.24057
1.2486
1.24227
1.25088
1.26769
1.26756
1.24485
1.25964
1.26349
1.26166
1.26219
1.25822
1.24465
1.25046
1.26636
1.27109
1.28137
1.26256
1.26951
1.27291
1.29081
1.27728
1.25559
1.23964
1.24491
1.2381
1.26499
1.27085
1.26499
1.25733
1.25674
1.27156
1.26442
1.25402
1.25418
1.23254
1.25251
1.26706
1.26897
1.26622
1.26382
1.25379
1.26703
1.27092
1.26143
1.23743
1.23061
1.24153
1.24653
1.26857
1.25892
1.25251
1.25638
1.24997
1.26499
1.26163
1.24594
1.23229
1.23251
1.26442
1.26422
1.26466
1.26703
1.25467
1.26452
1.26173
1.25546
1.24828
1.23708
1.239
1.24349
1.2516
1.26379
1.262
1.25379
1.26067
1.27075
1.2616
1.25425
1.23778
1.23412
1.24217
1.25733
1.27169
1.25875
1.25199
1.26084
1.26269
1.2766
1.25938
1.23562
1.23017
1.24805
1.25356
1.26944
1.26759
1.25033
1.26001
1.26382
1.26606
1.2515
1.24468
1.22533
1.24346
1.24047
1.25701
1.26352
1.26256
1.25281
1.26549
1.26203
1.26146
1.23916
1.23263
1.23181
1.24439
1.25925
1.25668
1.26542
1.25687
1.25356
1.26077
1.25948
1.24089
1.2359
1.24012
1.24559
1.26322
1.26622
1.25951
1.24805
1.25612
1.2682
1.26796
1.24327
1.22825
1.22935
1.24236
1.26676
1.27351
1.26566
1.26239
1.26476
1.27125
1.26991
1.2578
1.24792
1.23922
1.25533
1.25789
1.2607
1.2679
1.25608
1.25412
1.2685
1.25941
1.26077
1.2451
1.24111
1.24275
1.25075
1.26796
1.26937
1.26293
1.24873
1.25254
1.28335
1.26223
1.24958
1.24185
1.2405
1.24883
1.26436
1.28442
1.27018
1.26546
1.26612
1.27683
1.2682
1.25379
1.24627
1.23435
1.25284
1.25559
1.27348
1.25931
1.24941
1.24594
1.27666
1.27806
1.27045
1.24546
1.23951
1.25202
1.24834
1.26683
1.26312
1.25533
1.26646
1.26163
1.26749
1.26529
1.24439
1.23292
1.23644
1.25039
1.26699
1.27035
1.26974
1.26339
1.26239
1.26289
1.26776
1.25585
1.24108
1.24958
1.26276
1.27291
1.27813
1.27119
1.25954
1.25599
1.27328
1.27048
1.2605
1.24204
1.25189
1.25336
1.26516
1.28185
1.27551
1.2577
1.25202
1.26726
1.27378
1.26263
1.24967
1.24002
1.24688
1.2613
1.27707
1.27904
1.25872
1.25592
1.28092
1.2767
1.26542
1.24837
1.24997
1.25595
1.25579
1.27561
1.28959
1.27537
1.27704
1.28566
1.28085
1.26562
1.25349
1.24478
1.24578
1.25978
1.27881
1.27802
1.27399
1.26482
1.275
1.27877
1.27928
1.25055
1.24517
1.23804
1.24948
1.25988
1.27331
1.2783
1.25865
1.26927
1.28003
1.26971
1.26522
1.23983
1.24821
1.24818
1.26426
1.26944
1.27504
1.26759
1.26266
1.28239
1.27514
1.26847
1.25997
1.25464
1.26087
1.2812
1.28185
1.27156
1.26579
1.26823
1.26947
1.27915
1.27813
1.26021
1.24333
1.26516
1.25954
1.27949
1.27966
1.27199
1.27341
1.28966
1.28257
1.28257
1.27075
1.25134
1.24961
1.25117
1.27247
1.27758
1.27707
1.26442
1.27149
1.27734
1.28717
1.26017
1.24805
1.25003
1.24967
1.26332
1.26897
1.25806
1.26599
1.255
1.26127
1.26496
1.2574
1.25189
1.23074
1.24646
1.2572
1.26893
1.26596
1.24414
1.24854
1.25385
1.26196
1.25487
1.23314
1.22468
1.2249
1.23957
1.2573
1.26137
1.25392
1.24569
1.26619
1.25948
1.25487
1.22932
1.23368
1.22175
1.23213
1.25964
1.26163
1.2432
1.25323
1.24552
1.24802
1.25487
1.24679
1.2576
1.27041
1.255
1.25687
1.26213
1.25156
1.25592
1.26914
1.26293
1.25251
1.22913
1.23676
1.2339
1.25339
1.27179
1.26382
1.2619
1.25654
1.26679
1.26736
1.25988
1.24666
1.25124
1.26733
1.25654
1.28545
1.28102
1.27045
1.26629
1.27932
1.28769
1.28126
1.26456
1.25776
1.25572
1.26001
1.27721
1.27446
1.27632
1.26709
1.26656
1.27551
1.26084
1.25147
1.23673
1.2321
1.23871
1.25121
1.26273
1.26127
1.25036
1.25143
1.25566
1.25549
1.2532
1.23014
1.23023
1.23721
1.25412
1.26773
1.25984
1.24365
1.24854
1.26342
1.27598
1.25664
1.23935
1.24204
1.2389
1.24818
1.2607
1.25846
1.2529
1.2502
1.25737
1.25707
1.25059
1.2381
1.23511
1.23469
1.24034
1.26552
1.25595
1.2609
1.255
1.25773
1.25566
1.25526
1.24837
1.23782
1.21716
1.22916
1.24076
1.25059
1.2529
1.24857
1.23238
1.24889
1.24899
1.24915
1.23906
1.23232
1.23115
1.23897
1.2574
1.25677
1.24669
1.24873
1.26011
1.26706
1.25786
1.23718
1.22054
1.23628
1.24166
1.25457
1.25964
1.24456
1.23836
1.24834
1.26021
1.25166
1.23368
1.2296
1.23396
1.23248
1.25902
1.26506
1.24339
1.24727
1.24633
1.25984
1.25892
1.24646
1.22916
1.22234
1.23887
1.25186
1.26609
1.2529
1.24275
1.24585
1.25059
1.24436
1.25088
1.22505
1.21645
1.21531
1.22812
1.24565
1.2397
1.23425
1.2374
1.23524
1.24404
1.23906
1.21998
1.22967
1.21772
1.23159
1.24854
1.25546
1.23105
1.2297
1.2381
1.24682
1.24317
1.22309
1.21722
1.21301
1.2314
1.23775
1.23858
1.2286
1.22371
1.22888
1.23191
1.22715
1.2254
1.2188
1.21961
1.22558
1.22929
1.23734
1.22894
1.22047
1.21537
1.24031
1.23555
1.22412
1.20591
1.20937
1.21283
1.23146
1.24047
1.23352
1.21485
1.21023
1.2263
1.23454
1.22558
1.21032
1.19644
1.20289
1.22221
1.23593
1.22916
1.21476
1.2105
1.22496
1.22768
1.21827
1.20328
1.20412
1.21243
1.20873
1.2297
1.23061
1.22253
1.21636
1.20679
1.2352
1.21747
1.20503
1.1971
1.20147
1.20343
1.2234
1.23023
1.2124
1.21102
1.22787
1.23667
1.22951
1.22665
1.2127
1.21577
1.22109
1.24041
1.24368
1.23042
1.20712
1.22393
1.2291
1.23641
1.22963
1.21701
1.21584
1.21304
1.229
1.23292
1.22787
1.21368
1.21633
1.22816
1.23336
1.22646
1.21967
1.20428
1.20633
1.22358
1.22405
1.22358
1.21353
1.20591
1.20539
1.221
1.22913
1.21427
1.21065
1.2143
1.22016
1.23906
1.2263
1.21053
1.20791
1.20849
1.21673
1.22583
1.20965
1.19907
1.20015
1.20855
1.21035
1.2248
1.20682
1.19913
1.19689
1.21688
1.20724
1.22693
1.19537
1.20527
1.20743
1.21892
1.22212
1.22116
1.21658
1.20497
1.22452
1.22872
1.23248
1.2077
1.19561
1.20283
1.21951
1.22533
1.21227
1.20852
1.20418
1.21175
1.21729
1.21433
1.21075
1.18927
1.1991
1.20673
1.21341
1.22822
1.20879
1.19799
1.19979
1.21676
1.21602
1.21335
1.19784
1.1913
1.19886
1.21636
1.22001
1.21001
1.19647
1.20081
1.21325
1.21237
1.2139
1.19124
1.18606
1.19456
1.21026
1.21172
1.20618
1.19677
1.20096
1.20709
1.22193
1.20861
1.19471
1.18163
1.19719
1.20794
1.2084
1.20449
1.19587
1.19166
1.20057
1.20782
1.20764
1.18871
1.18437
1.1885
1.20313
1.21424
1.20325
1.19587
1.1924
1.20322
1.20658
1.20809
1.19561
1.17538
1.17843
1.18927
1.20555
1.19856
1.19119
1.18466
1.19704
1.20295
1.20099
1.1929
1.19269
1.17748
1.18557
1.20895
1.20322
1.19546
1.19338
1.18853
1.19967
1.20773
1.19012
1.1868
1.1832
1.17748
1.18906
1.19394
1.19213
1.18413
1.18171
1.18832
1.20319
1.20503
1.18768
1.17942
1.18157
1.18674
1.20051
1.20213
1.18677
1.18369
1.17858
1.19552
1.19269
1.17803
1.1723
1.16547
1.16734
1.19018
1.19531
1.1895
1.18012
1.19261
1.20555
1.20078
1.1873
1.18116
1.18026
1.18352
1.21497
1.21973
1.20989
1.22515
1.25033
1.21846
1.22259
1.20313
1.19347
1.19522
1.2067
1.21191
1.22646
1.20652
1.20624
1.21457
1.22221
1.21889
1.20688
1.19796
1.2031
1.20904
1.21329
1.23804
1.21655
1.21221
1.21701
1.22737
1.22355
1.21292
1.20709
1.1985
1.21249
1.21667
1.22277
1.21252
1.20788
1.20509
1.22224
1.21741
1.207
1.18554
1.18603
1.18445
1.20382
1.21105
1.21105
1.19299
1.19713
1.19925
1.20219
1.19787
1.18163
1.17685
1.18352
1.19772
1.20673
1.19904
1.1868
1.19501
1.20379
1.20642
1.20018
1.18765
1.17122
1.18038
1.17786
1.20093
1.20648
1.19275
1.18075
1.2003
1.20147
1.20709
1.19474
1.17945
1.17296
1.18838
1.20012
1.20048
1.19689
1.19261
1.1885
1.2006
1.20409
1.19234
1.17595
1.17708
1.19373
1.20476
1.21692
1.20849
1.18548
1.19326
1.20718
1.22218
1.20788
1.20582
1.20376
1.2
1.2163
1.22715
1.22841
1.22224
1.21784
1.23699
1.2441
1.23175
1.21424
1.20925
1.20928
1.22775
1.2374
1.24352
1.22066
1.23118
1.22684
1.23137
1.23213
1.22418
1.21676
1.20998
1.22113
1.24076
1.25003
1.24156
1.23206
1.24766
1.25284
1.24211
1.23384
1.22368
1.21679
1.21961
1.2451
1.24504
1.24005
1.22106
1.22696
1.24002
1.24169
1.23001
1.20855
1.20431
1.21298
1.21939
1.23213
1.22365
1.20539
1.2101
1.22565
1.20494
1.207
1.18847
1.18285
1.18186
1.18989
1.19448
1.19355
1.18131
1.17615
1.20096
1.20216
1.18853
1.17693
1.17463
1.18075
1.18501
1.19036
1.18871
1.18642
1.18081
1.18536
1.19287
1.18868
1.17047
1.17901
1.16791
1.17188
1.19883
1.18475
1.19501
1.18136
1.18891
1.19308
1.18715
1.18136
1.16845
1.17136
1.18154
1.18475
1.19133
1.18264
1.17638
1.17532
1.18058
1.18524
1.1754
1.16127
1.15716
1.15668
1.17471
1.1809
1.17843
1.16968
1.16477
1.17093
1.17887
1.16099
1.1559
1.15889
1.15562
1.1752
1.17145
1.17523
1.15827
1.16468
1.17008
1.16777
1.16757
1.15727
1.15158
1.14987
1.14761
1.16646
1.17233
1.15599
1.15448
1.15635
1.16985
1.16982
1.15864
1.14223
1.1461
1.14403
1.16587
1.17397
1.15836
1.15257
1.16746
1.1776
1.16976
1.16925
1.14951
1.15163
1.15852
1.16437
1.17073
1.16319
1.15094
1.16015
1.16091
1.17173
1.16996
1.16065
1.15238
1.15194
1.1642
1.17256
1.17549
1.16313
1.16304
1.16547
1.18387
1.17699
1.16155
1.1518
1.15205
1.15735
1.16999
1.17056
1.15643
1.15576
1.16161
1.16006
1.17028
1.16502
1.15307
1.15265
1.15774
1.16618
1.16911
1.16717
1.16629
1.16717
1.17196
1.16814
1.17239
1.15108
1.1541
1.15802
1.16831
1.17233
1.16658
1.15582
1.1576
1.18043
1.18099
1.17125
1.15852
1.14627
1.14981
1.16933
1.17566
1.1657
1.15028
1.15329
1.15426
1.17208
1.17125
1.15423
1.14316
1.15858
1.15155
1.16431
1.17045
1.16197
1.15083
1.16743
1.16899
1.16814
1.16217
1.14487
1.13451
1.14182
1.16099
1.16119
1.15568
1.15171
1.14739
1.16271
1.16491
1.15279
1.13868
1.13432
1.13909
1.14392
1.15111
1.15379
1.12565
1.12785
1.13914
1.15169
1.14362
1.12396
1.12024
1.1221
1.14218
1.15643
1.15011
1.15169
1.13995
1.14918
1.15249
1.15973
1.14457
1.1284
1.13545
1.13755
1.14605
1.14959
1.14684
1.13494
1.13984
1.14139
1.14951
1.13368
1.12291
1.12899
1.13074
1.13774
1.14951
1.15252
1.13752
1.13828
1.15418
1.1521
1.13499
1.12573
1.11946
1.13106
1.13096
1.14548
1.13857
1.12978
1.1251
1.13109
1.13277
1.13532
1.11961
1.11844
1.11951
1.12909
1.14014
1.13242
1.13029
1.12239
1.12819
1.1428
1.12761
1.12087
1.10604
1.10967
1.12087
1.12869
1.13104
1.12087
1.12157
1.12628
1.14196
1.1351
1.12856
1.11883
1.12357
1.12835
1.1252
1.13037
1.13575
1.1247
1.11891
1.13604
1.12933
1.12732
1.10515
1.09862
1.10256
1.11369
1.11964
1.11893
1.10543
1.11114
1.1162
1.12869
1.12087
1.11289
1.12131
1.18372
1.15878
1.16437
1.14665
1.14698
1.1592
1.16627
1.15546
1.1544
1.13968
1.14269
1.15086
1.15755
1.16709
1.16209
1.1583
1.1642
1.16808
1.16474
1.1531
1.14299
1.1344
1.14945
1.1707
1.16607
1.16894
1.15299
1.15571
1.16276
1.1602
1.15374
1.14039
1.13296
1.13513
1.15429
1.17133
1.15875
1.13895
1.13957
1.14283
1.15398
1.15878
1.13397
1.13706
1.13833
1.1386
1.16001
1.14808
1.1343
1.1402
1.14797
1.15293
1.1529
1.1421
1.13128
1.13472
1.13906
1.14599
1.14849
1.14517
1.13486
1.14523
1.14376
1.13785
1.13612
1.13184
1.12912
1.12785
1.14052
1.14805
1.14068
1.14136
1.13064
1.14199
1.14695
1.14014
1.13034
1.12869
1.13566
1.14188
1.15819
1.13963
1.14014
1.13478
1.14466
1.15763
1.1386
1.13141
1.13723
1.1324
1.14332
1.15685
1.14899
1.13349
1.13486
1.13414
1.14131
1.15067
1.13357
1.12726
1.12578
1.13671
1.13887
1.14728
1.13663
1.13717
1.14436
1.15548
1.15202
1.1399
1.1296
1.13224
1.14272
1.14403
1.16077
1.14657
1.14504
1.13849
1.16209
1.15393
1.13438
1.13016
1.13513
1.13712
1.1505
1.14879
1.14926
1.12779
1.13513
1.14449
1.14044
1.13373
1.12333
1.13502
1.12689
1.1328
1.14438
1.14033
1.13096
1.14316
1.1421
1.13093
1.1324
1.13013
1.12431
1.13072
1.13475
1.15042
1.14954
1.14028
1.13955
1.15252
1.16304
1.14816
1.14172
1.13591
1.14275
1.14294
1.14638
1.14608
1.13776
1.1316
1.13998
1.1461
1.14204
1.12639
1.12885
1.12814
1.14041
1.14635
1.14389
1.13593
1.13368
1.1279
1.14745
1.14528
1.1275
1.12816
1.12613
1.13405
1.14098
1.14877
1.1271
1.12
1.1336
1.14275
1.15811
1.14888
1.13758
1.13202
1.13838
1.14329
1.15194
1.15232
1.14926
1.14036
1.15094
1.14687
1.14504
1.1376
1.12737
1.1312
1.14359
1.14283
1.13336
1.11511
1.12228
1.12734
1.13723
1.1336
1.12602
1.12241
1.12157
1.1312
1.13855
1.13688
1.1257
1.13008
1.12774
1.12753
1.13066
1.12917
1.10627
1.10857
1.121
1.12462
1.13226
1.1221
1.11995
1.12394
1.1383
1.13747
1.13013
1.12594
1.12296
1.13192
1.12923
1.13333
1.12915
1.11719
1.12467
1.13491
1.13639
1.12901
1.11612
1.11297
1.11462
1.12391
1.13844
1.12989
1.12454
1.11434
1.12223
1.13669
1.13331
1.11672
1.11912
1.11659
1.12766
1.14177
1.13521
1.13085
1.12695
1.11953
1.14063
1.13013
1.13384
1.11356
1.11646
1.12941
1.14085
1.13534
1.12491
1.12375
1.1261
1.13454
1.13515
1.12336
1.11925
1.1124
1.13301
1.12957
1.13411
1.13655
1.1169
1.11618
1.12262
1.127
1.12157
1.12024
1.10195
1.11186
1.11888
1.11875
1.10972
1.11434
1.11145
1.11405
1.12011
1.11914
1.11083
1.10693
1.10696
1.10908
1.12502
1.1106
1.10337
1.11537
1.10791
1.12904
1.10722
1.10729
1.10732
1.11026
1.10796
1.12766
1.11101
1.10259
1.10893
1.10893
1.1199
1.11807
1.11335
1.10589
1.10439
1.10259
1.12323
1.12178
1.10934
1.11168
1.11343
1.12899
1.12207
1.11786
1.12068
1.1096
1.10408
1.12037
1.1193
1.11839
1.10467
1.10972
1.11209
1.11201
1.12819
1.10398
1.10221
1.10264
1.11312
1.11672
1.11426
1.10563
1.10831
1.1182
1.1168
1.11932
1.10872
1.1016
1.10563
1.11291
1.12692
1.11294
1.11685
1.09572
1.10269
1.11008
1.10269
1.09582
1.09029
1.08945
1.10054
1.11786
1.11109
1.10335
1.09392
1.09857
1.10699
1.10862
1.10482
1.09539
1.08989
1.08681
1.1066
1.10602
1.08556
1.08666
1.08091
1.09034
1.09367
1.09542
1.07855
1.07614
1.08135
1.09624
1.10396
1.09825
1.08639
1.08516
1.09188
1.09847
1.09905
1.08374
1.0766
1.07356
1.09502
1.09081
1.08497
1.08619
1.08228
1.07773
1.09175
1.09607
1.08634
1.08384
1.08269
1.09046
1.09637
1.09419
1.09547
1.08676
1.07402
1.09014
1.08661
1.0843
1.07503
1.07553
1.07255
1.09277
1.09076
1.08404
1.08118
1.11255
1.11395
1.07011
1.05813
1.05102
1.0572
1.06251
1.07698
1.06866
1.06928
1.06275
1.05511
1.06484
1.07337
1.06591
1.05843
1.05508
1.05323
1.07902
1.06835
1.06343
1.07002
1.07592
1.07311
1.0859
1.07812
1.07643
1.07043
1.06883
1.07858
1.09218
1.0773
1.07392
1.06745
1.07443
1.0795
1.0872
1.07383
1.07287
1.0766
1.0759
1.09071
1.09185
1.07597
1.07872
1.09384
1.09978
1.10287
1.08937
1.07176
1.0787
1.0897
1.0991
1.09111
1.0833
1.07169
1.08337
1.08997
1.08391
1.07957
1.07229
1.08074
1.08042
1.09812
1.10019
1.08062
1.09079
1.08587
1.09928
1.1016
1.09317
1.08399
1.07783
1.08379
1.09447
1.10322
1.08367
1.07532
1.0822
1.09559
1.09654
1.09232
1.07703
1.07928
1.07342
1.08157
1.09051
1.08804
1.07426
1.07817
1.08384
1.09662
1.09357
1.08028
1.08595
1.0812
1.08782
1.09754
1.09372
1.09111
1.08298
1.07989
1.10233
1.09679
1.08765
1.08634
1.07785
1.08462
1.09344
1.09943
1.09329
1.08274
1.08831
1.09056
1.10375
1.08965
1.08242
1.08723
1.08671
1.09203
1.09895
1.08893
1.09103
1.08696
1.10243
1.10059
1.09447
1.0984
1.0874
1.08848
1.09059
1.10216
1.09315
1.08509
1.09367
1.10584
1.10454
1.09577
1.08529
1.0856
1.08637
1.09489
1.09966
1.10036
1.09817
1.09362
1.08908
1.09354
1.09329
1.09225
1.09198
1.08179
1.08664
1.09617
1.09009
1.0874
1.07943
1.08742
1.0923
1.09597
1.07926
1.07909
1.07452
1.07839
1.08957
1.08089
1.0766
1.08198
1.07824
1.0877
1.09071
1.08698
1.08011
1.07277
1.08747
1.09071
1.09712
1.09669
1.08159
1.08701
1.08881
1.08745
1.08619
1.08834
1.08543
1.08406
1.09145
1.10183
1.09213
1.0874
1.08245
1.08654
1.08455
1.09437
1.08511
1.07984
1.07529
1.08262
1.09895
1.09183
1.08384
1.09049
1.09452
1.09467
1.09454
1.08475
1.07739
1.07751
1.07739
1.09315
1.09056
1.0857
1.0858
1.07957
1.09604
1.09464
1.08448
1.08494
1.07527
1.07577
1.09334
1.08676
1.08802
1.07623
1.0927
1.09587
1.09419
1.08868
1.08733
1.07732
1.08382
1.08639
1.09875
1.08443
1.08123
1.0745
1.08765
1.09644
1.09722
1.08094
1.08184
1.07899
1.09739
1.10292
1.09324
1.10051
1.10304
1.10233
1.11483
1.10913
1.10609
1.10274
1.11034
1.10627
1.13628
1.13938
1.12539
1.13266
1.1231
1.13532
1.12954
1.12115
1.1226
1.11654
1.10625
1.13793
1.13957
1.13365
1.12745
1.12215
1.12899
1.1324
1.12197
1.10307
1.10495
1.12207
1.1274
1.13736
1.13149
1.11667
1.12113
1.12843
1.13064
1.12628
1.11859
1.11974
1.11768
1.12307
1.13448
1.13109
1.11805
1.11093
1.10487
1.11478
1.11465
1.10325
1.10147
1.10803
1.09807
1.11826
1.11266
1.10505
1.10173
1.10226
1.11356
1.10975
1.09367
1.09242
1.09012
1.09707
1.10059
1.11065
1.11395
1.09862
1.10188
1.11753
1.11545
1.10479
1.10281
1.10056
1.10162
1.12129
1.11532
1.10816
1.09717
1.11201
1.11522
1.11364
1.10727
1.0981
1.10069
1.09644
1.105
1.11196
1.1016
1.09337
1.09677
1.10796
1.12155
1.1087
1.09592
1.08568
1.08871
1.09951
1.11186
1.10793
1.09081
1.09712
1.10221
1.11152
1.11055
1.1037
1.09594
1.08881
1.10492
1.10742
1.10383
1.09883
1.09956
1.10732
1.10533
1.11335
1.0992
1.09051
1.08536
1.08868
1.09812
1.10919
1.10157
1.09642
1.09232
1.10041
1.10745
1.10505
1.08846
1.08184
1.09364
1.10097
1.10039
1.11428
1.10254
1.10127
1.10495
1.1148
1.10403
1.10044
1.09504
1.09113
1.10036
1.11618
1.11405
1.11276
1.10185
1.10988
1.10893
1.09719
1.09128
1.0873
1.08683
1.08762
1.11359
1.10398
1.10059
1.09427
1.09749
1.11119
1.11219
1.09657
1.08851
1.07515
1.09367
1.09767
1.1063
1.09297
1.09552
1.08824
1.09752
1.09632
1.09639
1.07347
1.08057
1.07366
1.09193
1.09272
1.08389
1.07962
1.07459
1.08089
1.08893
1.08018
1.07407
1.07361
1.09158
1.12207
1.09873
1.09163
1.07923
1.09064
1.09567
1.09544
1.093
1.07715
1.07863
1.08642
1.11008
1.11065
1.09898
1.08861
1.0926
1.09479
1.09971
1.08367
1.08342
1.07984
1.08115
1.09093
1.09767
1.09449
1.08235
1.08809
1.099
1.09865
1.09429
1.08154
1.08147
1.08201
1.09752
1.10117
1.08738
1.08355
1.09014
1.09031
1.09857
1.09687
1.08829
1.07537
1.08315
1.08728
1.09739
1.09953
1.0891
1.08023
1.0993
1.1075
1.10044
1.08374
1.07505
1.08355
1.07831
1.10535
1.10264
1.08369
1.08915
1.09482
1.10449
1.10398
1.09369
1.092
1.0896
1.10039
1.10352
1.11682
1.10066
1.09928
1.09422
1.10719
1.11049
1.11351
1.10416
1.10016
1.09988
1.10365
1.11139
1.11019
1.09727
1.10368
1.10681
1.11553
1.11139
1.10518
1.09282
1.10029
1.098
1.11454
1.11178
1.10168
1.09968
1.10482
1.1054
1.1117
1.09619
1.09554
1.09644
1.10842
1.11659
1.11421
1.10602
1.10208
1.10482
1.11434
1.12386
1.12473
1.10535
1.11532
1.11501
1.12816
1.12737
1.11982
1.11315
1.12549
1.13101
1.1336
1.12758
1.10901
1.11083
1.10609
1.12197
1.12684
1.11472
1.11862
1.10599
1.11387
1.12152
1.11188
1.10584
1.09777
1.09935
1.10867
1.11573
1.10821
1.10314
1.10117
1.11529
1.11888
1.12066
1.10906
1.10711
1.10627
1.1115
1.1194
1.12307
1.11612
1.11636
1.1116
1.13192
1.12899
1.1242
1.10704
1.10962
1.11865
1.1266
1.13194
1.11953
1.11359
1.11312
1.12814
1.13186
1.11906
1.1086
1.1174
1.11224
1.11294
1.12573
1.12346
1.11132
1.12205
1.12102
1.12449
1.12047
1.11369
1.10378
1.11377
1.12134
1.12591
1.12891
1.11428
1.11612
1.1284
1.13955
1.12341
1.12126
1.10883
1.11065
1.12362
1.13507
1.12899
1.12144
1.11727
1.10936
1.12191
1.13029
1.10147
1.1013
1.1108
1.11509
1.12168
1.12441
1.11667
1.10816
1.11284
1.12241
1.12399
1.11506
1.10947
1.10528
1.11024
1.12352
1.12568
1.11719
1.11985
1.11462
1.12115
1.12439
1.11612
1.10824
1.10406
1.10408
1.11701
1.12904
1.12367
1.11065
1.10898
1.12215
1.12378
1.11776
1.10378
1.10208
1.10911
1.12523
1.12949
1.12412
1.12339
1.11987
1.11925
1.13277
1.12726
1.10975
1.1066
1.1154
1.1205
1.12663
1.13109
1.11956
1.11286
1.12325
1.13601
1.13344
1.11872
1.11459
1.10913
1.11467
1.1305
1.13901
1.12071
1.11927
1.12265
1.12687
1.13521
1.11917
1.1217
1.11602
1.11974
1.1312
1.14033
1.12718
1.12867
1.12774
1.13768
1.14125
1.13403
1.12113
1.11886
1.12375
1.14163
1.15349
1.13906
1.13588
1.14468
1.13863
1.14874
1.15805
1.13197
1.12454
1.12544
1.13545
1.15263
1.14948
1.14378
1.13776
1.13857
1.15061
1.14973
1.14583
1.13615
1.13755
1.15485
1.15515
1.15224
1.14501
1.13478
1.13717
1.15144
1.15738
1.13811
1.13088
1.13347
1.13306
1.15271
1.14657
1.13456
1.12856
1.1325
1.14397
1.14452
1.14049
1.1237
1.12417
1.12544
1.13865
1.13381
1.12912
1.13109
1.12732
1.12864
1.13202
1.12992
1.11558
1.11641
1.12186
1.12354
1.13809
1.13387
1.12055
1.11181
1.11932
1.13572
1.12481
1.10543
1.11147
1.11031
1.11359
1.12846
1.12867
1.12003
1.11537
1.12047
1.13016
1.13387
1.12763
1.12142
1.10566
1.11413
1.13411
1.13357
1.12742
1.11374
1.12621
1.13422
1.13513
1.12782
1.11121
1.10962
1.11592
1.12142
1.13096
1.12328
1.11581
1.11317
1.11586
1.13245
1.12777
1.11047
1.10358
1.11966
1.12415
1.13341
1.12003
1.11049
1.11317
1.1211
1.13141
1.13021
1.12173
1.12441
1.12367
1.13024
1.14093
1.14153
1.12893
1.1086
1.11392
1.13879
1.13034
1.11951
1.11291
1.11472
1.12336
1.11946
1.12658
1.11813
1.10716
1.1126
1.12547
1.1297
1.12439
1.11049
1.11175
1.10798
1.12618
1.13545
1.12652
1.11553
1.11369
1.1217
1.12647
1.12652
1.11522
1.11242
1.11605
1.12668
1.13698
1.12957
1.11766
1.11628
1.15249
1.15078
1.11605
1.10525
1.11542
1.11555
1.12428
1.1309
1.12507
1.11586
1.11618
1.13596
1.12724
1.12449
1.11631
1.1097
1.12557
1.13184
1.14068
1.13609
1.13368
1.12811
1.13221
1.13882
1.12178
1.11459
1.11436
1.12019
1.13561
1.14033
1.13
1.12679
1.12555
1.12618
1.13304
1.12946
1.11826
1.11206
1.11545
1.12769
1.15235
1.14384
1.12155
1.13205
1.13082
1.13758
1.14564
1.12904
1.12249
1.13258
1.14758
1.15277
1.14237
1.12394
1.12312
1.12236
1.13575
1.14386
1.12362
1.11467
1.13349
1.13456
1.1502
1.15078
1.13993
1.12394
1.13272
1.14403
1.15113
1.13704
1.132
1.12552
1.12647
1.14071
1.14638
1.15771
1.13521
1.13717
1.14335
1.1475
1.15471
1.12925
1.13601
1.13483
1.1463
1.15704
1.14335
1.13933
1.13679
1.14959
1.15799
1.14485
1.14288
1.12867
1.1288
1.12843
1.14995
1.14918
1.14635
1.1443
1.14479
1.15707
1.15771
1.13698
1.13887
1.1309
1.13833
1.14978
1.15252
1.14736
1.13782
1.15119
1.15017
1.16319
1.14553
1.14523
1.14174
1.13768
1.15404
1.14998
1.1541
1.14907
1.14567
1.15221
1.15025
1.14272
1.13272
1.11925
1.12541
1.13205
1.14096
1.14871
1.14115
1.13933
1.15343
1.15526
1.13564
1.12555
1.12705
1.12541
1.13833
1.14329
1.15657
1.14009
1.13125
1.14123
1.13966
1.1539
1.12568
1.1232
1.12249
1.1297
1.15047
1.15582
1.14772
1.13085
1.14512
1.14575
1.15213
1.12893
1.13422
1.13822
1.13149
1.14569
1.15998
1.14531
1.14715
1.14904
1.16395
1.16009
1.1452
1.12541
1.12494
1.12965
1.15111
1.15685
1.14414
1.14278
1.13607
1.15487
1.15412
1.13507
1.12383
1.11805
1.12365
1.14272
1.14106
1.14849
1.13341
1.13674
1.14444
1.14438
1.14376
1.12352
1.12205
1.12223
1.13451
1.14553
1.14599
1.13987
1.14321
1.14539
1.164
1.15479
1.13658
1.12525
1.1301
1.13564
1.15404
1.15707
1.15799
1.14395
1.15009
1.15349
1.15274
1.13339
1.12679
1.12824
1.13446
1.14441
1.15061
1.15407
1.14403
1.14033
1.14474
1.14693
1.14283
1.13328
1.13181
1.12481
1.13655
1.14701
1.1458
1.14033
1.14012
1.14471
1.15629
1.15028
1.12835
1.12621
1.12713
1.13758
1.14523
1.15147
1.14337
1.13451
1.13849
1.15674
1.16383
1.13112
1.11083
1.11204
1.1283
1.1344
1.13682
1.12941
1.12705
1.12523
1.14006
1.13486
1.12748
1.1161
1.11307
1.11886
1.13242
1.13949
1.13002
1.13125
1.12774
1.14507
1.13344
1.1256
1.12042
1.12105
1.11875
1.13106
1.14433
1.14362
1.13698
1.13575
1.13947
1.14373
1.14128
1.11919
1.11266
1.12452
1.12684
1.13739
1.14901
1.13384
1.12634
1.13363
1.13349
1.12568
1.12181
1.11935
1.11724
1.12811
1.13117
1.13416
1.1288
1.12904
1.11904
1.12684
1.12703
1.12268
1.10401
1.11042
1.11047
1.12478
1.13312
1.13037
1.11581
1.11925
1.12856
1.13841
1.11623
1.11114
1.11335
1.12218
1.12758
1.13165
1.13082
1.12236
1.11815
1.13298
1.14063
1.12441
1.1154
1.10775
1.11351
1.12084
1.13642
1.13868
1.1284
1.12312
1.13968
1.13392
1.13968
1.11568
1.11953
1.11581
1.12378
1.13749
1.1343
1.12362
1.12745
1.12599
1.13256
1.12142
1.11802
1.10001
1.10378
1.11214
1.13266
1.1329
1.12552
1.12737
1.12328
1.13
1.14297
1.12165
1.11268
1.10931
1.1241
1.1325
1.12984
1.13874
1.1232
1.13285
1.13795
1.13133
1.11662
1.11509
1.11098
1.10691
1.11977
1.12402
1.13355
1.11912
1.1168
1.12289
1.12968
1.11573
1.09852
1.09825
1.09918
1.11235
1.11867
1.12105
1.11826
1.12536
1.13048
1.134
1.12824
1.12019
1.10396
1.11073
1.11662
1.12869
1.13093
1.13995
1.12457
1.13459
1.13523
1.12244
1.11351
1.10525
1.10243
1.10375
1.11891
1.1292
1.13322
1.11865
1.12134
1.1232
1.1227
1.12689
1.11101
1.09644
1.1098
1.12465
1.13272
1.13138
1.11206
1.11545
1.12144
1.13984
1.12602
1.1115
1.10049
1.10441
1.1409
1.19281
1.15337
1.14882
1.15044
1.15677
1.14984
1.13197
1.13309
1.12769
1.13355
1.15457
1.15496
1.1508
1.13733
1.14373
1.14937
1.15615
1.13941
1.12283
1.13064
1.1266
1.13922
1.15716
1.15864
1.14948
1.14987
1.1571
1.16248
1.14959
1.13947
1.13817
1.14569
1.15496
1.17719
1.16749
1.15735
1.16001
1.17033
1.17604
1.15925
1.14397
1.13911
1.14201
1.16754
1.18154
1.18189
1.16968
1.16327
1.17122
1.16905
1.15964
1.15855
1.14009
1.13607
1.14745
1.16482
1.17042
1.16369
1.16446
1.1761
1.18026
1.17357
1.15304
1.15067
1.15039
1.14945
1.17739
1.18131
1.18012
1.17293
1.17428
1.18615
1.18227
1.16527
1.16242
1.14373
1.15565
1.16471
1.1713
1.16768
1.16857
1.17025
1.17783
1.17636
1.16627
1.14684
1.15593
1.14896
1.16479
1.17558
1.17927
1.17471
1.17248
1.1703
1.18209
1.1763
1.15654
1.14764
1.14104
1.15945
1.17722
1.17777
1.17199
1.16181
1.17431
1.17699
1.17208
1.15906
1.15593
1.15379
1.15329
1.1811
1.17667
1.17477
1.17797
1.17208
1.18212
1.1895
1.16712
1.14981
1.1425
1.15182
1.16491
1.17142
1.17815
1.16661
1.16808
1.16837
1.16397
1.15718
1.14764
1.13855
1.13478
1.14904
1.16578
1.16686
1.15883
1.16352
1.1682
1.17428
1.164
1.1402
1.13623
1.13709
1.14055
1.16364
1.16587
1.16931
1.15274
1.16212
1.16942
1.17256
1.15521
1.14715
1.14943
1.16195
1.16265
1.16951
1.15357
1.1583
1.16366
1.16302
1.16976
1.15546
1.14657
1.13596
1.14438
1.15696
1.1674
1.16638
1.16006
1.15774
1.16519
1.16186
1.15551
1.14378
1.1325
1.13947
1.15507
1.16491
1.1752
1.16837
1.16709
1.16364
1.18067
1.16871
1.15783
1.14756
1.14226
1.15512
1.16874
1.17884
1.17529
1.178
1.16837
1.1697
1.17202
1.16465
1.14822
1.14835
1.14512
1.16192
1.17208
1.17059
1.17156
1.16933
1.17417
1.16054
1.15058
1.14537
1.14444
1.14017
1.16155
1.16672
1.16931
1.15133
1.15551
1.15771
1.15816
1.15332
1.14654
1.14087
1.14885
1.16451
1.17722
1.18457
1.16485
1.16203
1.17685
1.18785
1.17188
1.15738
1.1549
1.15485
1.16355
1.17852
1.17279
1.16446
1.1659
1.17105
1.17982
1.16259
1.15028
1.13583
1.14017
1.14204
1.16183
1.1646
1.15766
1.15116
1.16313
1.16825
1.15732
1.1354
1.12647
1.13825
1.13628
1.15321
1.16262
1.15967
1.15763
1.14868
1.1595
1.15304
1.14297
1.12859
1.14161
1.13491
1.14643
1.1657
1.16695
1.14682
1.15621
1.15147
1.16828
1.15036
1.14161
1.13909
1.13795
1.15158
1.16931
1.17345
1.16913
1.15998
1.17734
1.16956
1.16689
1.14747
1.14031
1.14006
1.14984
1.16319
1.16629
1.16661
1.16372
1.17515
1.16717
1.16265
1.14605
1.13847
1.1389
1.14808
1.16037
1.15973
1.16203
1.15485
1.15827
1.15368
1.14822
1.15111
1.13314
1.13085
1.13847
1.14824
1.16457
1.15412
1.1585
1.15936
1.1725
1.17119
1.17016
1.15443
1.13865
1.15827
1.16638
1.17604
1.17982
1.17913
1.16706
1.17933
1.18662
1.17843
1.16874
1.16304
1.15485
1.16822
1.18413
1.1932
1.18844
1.1789
1.18821
1.18983
1.18738
1.16268
1.16006
1.15532
1.16925
1.18128
1.19578
1.20337
1.1885
1.19175
1.1848
1.18782
1.17563
1.16931
1.16573
1.17494
1.18956
1.18936
1.1965
1.19296
1.18815
1.19228
1.19671
1.17222
1.15635
1.1615
1.15724
1.16242
1.16717
1.18224
1.1715
1.15864
1.15707
1.16049
1.15771
1.1317
1.12872
1.14117
1.14638
1.16012
1.16621
1.16641
1.15241
1.15992
1.16749
1.16217
1.15749
1.1434
1.13817
1.15501
1.16882
1.16223
1.15766
1.16547
1.15429
1.1682
1.16825
1.15086
1.14676
1.13365
1.14093
1.15346
1.15188
1.15889
1.14835
1.14789
1.15635
1.15218
1.14226
1.11823
1.12383
1.11266
1.12981
1.13685
1.13993
1.13389
1.1376
1.1396
1.13849
1.12899
1.11291
1.10944
1.11784
1.12859
1.1344
1.14098
1.1355
1.12591
1.13874
1.15858
1.16043
1.11186
1.10446
1.10711
1.11998
1.13208
1.13138
1.11729
1.13066
1.13642
1.12875
1.11859
1.10307
1.10132
1.11186
1.12404
1.13593
1.13968
1.1279
1.13261
1.14348
1.13376
1.13309
1.1175
1.10913
1.11165
1.12108
1.12142
1.12981
1.11524
1.11085
1.12589
1.13427
1.12602
1.10622
1.11607
1.09976
1.12042
1.13709
1.13395
1.12978
1.12539
1.12713
1.13301
1.13016
1.12481
1.11423
1.10762
1.11901
1.13309
1.1343
1.13599
1.11044
1.1301
1.12915
1.13317
1.12328
1.11659
1.1217
1.13336
1.14207
1.151
1.15936
1.1452
1.15839
1.16152
1.15959
1.15512
1.13604
1.13157
1.14098
1.16032
1.16265
1.17013
1.17179
1.16358
1.16885
1.17835
1.16732
1.15878
1.14452
1.14583
1.15382
1.17679
1.17849
1.16791
1.16147
1.16096
1.18227
1.16049
1.14962
1.14539
1.14125
1.14288
1.15635
1.15861
1.15674
1.14066
1.14572
1.14849
1.15232
1.14316
1.13152
1.12155
1.13181
1.13696
1.14767
1.14739
1.13903
1.13671
1.14436
1.14063
1.13534
1.11974
1.11771
1.11129
1.11919
1.12729
1.13216
1.12745
1.12331
1.13755
1.13679
1.14144
1.12097
1.10342
1.10538
1.11413
1.1168
1.13088
1.11893
1.11199
1.11599
1.13344
1.12652
1.09867
1.0981
1.10031
1.10862
1.1242
1.12769
1.12076
1.10467
1.11758
1.12247
1.12909
1.11522
1.09973
1.09287
1.1049
1.12016
1.12607
1.1188
1.10251
1.10762
1.1141
1.11711
1.10287
1.1036
1.08841
1.09945
1.10801
1.11506
1.12978
1.12341
1.11701
1.12386
1.12344
1.12218
1.10034
1.09121
1.1051
1.11132
1.11467
1.12555
1.10911
1.10696
1.11527
1.12147
1.12679
1.10983
1.11098
1.11415
1.12444
1.13486
1.13599
1.1358
1.12745
1.12822
1.14778
1.1422
1.12404
1.10403
1.10954
1.10579
1.12565
1.12296
1.11527
1.1063
1.11641
1.11514
1.11891
1.11075
1.10444
1.10768
1.11555
1.12634
1.12676
1.12323
1.12578
1.12689
1.13274
1.13744
1.12294
1.10099
1.11212
1.11366
1.12061
1.13272
1.12949
1.11867
1.12425
1.12589
1.13475
1.12483
1.10627
1.10162
1.11042
1.10939
1.1261
1.12349
1.12745
1.11729
1.11943
1.13101
1.1226
1.11444
1.10831
1.10525
1.11985
1.13626
1.134
1.12931
1.12144
1.1325
1.14163
1.14182
1.13205
1.11688
1.1168
1.11878
1.12586
1.14049
1.13483
1.12454
1.1296
1.14052
1.1376
1.12373
1.11178
1.11052
1.10724
1.12933
1.12787
1.12992
1.12798
1.12155
1.12771
1.12936
1.12317
1.1078
1.09933
1.10755
1.10724
1.13548
1.13269
1.12639
1.12697
1.12761
1.13874
1.13914
1.12184
1.12652
1.12399
1.14425
1.15299
1.1588
1.15568
1.13998
1.15265
1.1657
1.15166
1.14863
1.14104
1.1325
1.14728
1.15229
1.15141
1.14731
1.14591
1.14526
1.15141
1.15892
1.14468
1.13341
1.13704
1.13221
1.13893
1.15515
1.14954
1.14643
1.15003
1.15421
1.1551
1.13798
1.13515
1.12407
1.13029
1.13766
1.1486
1.14569
1.14052
1.12415
1.13534
1.1486
1.13269
1.12079
1.10737
1.10791
1.11428
1.13189
1.12037
1.12034
1.10309
1.09158
1.09054
1.08499
1.08587
1.0813
1.08536
1.07371
1.09369
1.08947
1.08992
1.08384
1.08423
1.09061
1.09397
1.09477
1.07484
1.08035
1.0688
1.09364
1.09324
1.09344
1.0821
1.0779
1.09237
1.09275
1.08533
1.07771
1.06305
1.06878
1.07834
1.08059
1.08193
1.08725
1.07611
1.0766
1.07865
1.08479
1.05631
1.05245
1.06551
1.05895
1.08418
1.07916
1.07431
1.07033
1.07074
1.07303
1.07207
1.06475
1.06721
1.05855
1.07126
1.07744
1.07897
1.07287
1.0689
1.06705
1.07447
1.07447
1.07778
1.06888
1.0586
1.06407
1.07737
1.08536
1.08396
1.06757
1.06921
1.08011
1.08489
1.068
1.0656
1.06073
1.0652
1.06902
1.07684
1.08045
1.06714
1.06933
1.06916
1.08157
1.08232
1.0726
1.05226
1.0582
1.06655
1.07121
1.07296
1.06942
1.06916
1.06735
1.08052
1.07657
1.06249
1.06263
1.07064
1.07573
1.09542
1.14001
1.10373
1.10704
1.11755
1.11163
1.11052
1.09218
1.08614
1.10246
1.10205
1.10893
1.11255
1.10446
1.1012
1.11085
1.12294
1.10821
1.09252
1.09367
1.09782
1.10029
1.12155
1.12199
1.11206
1.09847
1.11222
1.12097
1.11753
1.10044
1.0979
1.10895
1.11075
1.12212
1.12092
1.12249
1.11374
1.11191
1.13604
1.12383
1.11212
1.09978
1.10173
1.11193
1.11379
1.12006
1.12163
1.11348
1.11516
1.12349
1.11891
1.11972
1.10609
1.09639
1.10193
1.1064
1.11384
1.11623
1.11643
1.1053
1.1216
1.114
1.11906
1.11111
1.09852
1.09497
1.11263
1.12607
1.12328
1.11875
1.1065
1.12407
1.12819
1.12108
1.11029
1.10233
1.10332
1.12257
1.12008
1.12997
1.12904
1.12965
1.12491
1.1325
1.12584
1.12909
1.11721
1.11602
1.12383
1.13758
1.13339
1.13026
1.12396
1.1236
1.13486
1.14348
1.12891
1.11768
1.12257
1.11366
1.12486
1.14879
1.13634
1.1266
1.11987
1.13074
1.14526
1.13914
1.12555
1.11802
1.12578
1.11987
1.13591
1.13855
1.14302
1.12771
1.13056
1.13793
1.12968
1.11304
1.11612
1.10607
1.11698
1.13301
1.13325
1.13405
1.12994
1.12793
1.13173
1.1275
1.11701
1.11753
1.10319
1.11335
1.11729
1.13408
1.12891
1.12011
1.12328
1.12976
1.1328
1.12962
1.11797
1.12126
1.11276
1.13639
1.13609
1.13341
1.1312
1.12763
1.14242
1.14819
1.14635
1.13186
1.11745
1.12378
1.12591
1.1332
1.14001
1.13795
1.12968
1.13588
1.1336
1.13146
1.12265
1.11553
1.11073
1.1188
1.12573
1.12578
1.12236
1.11444
1.12233
1.13245
1.13325
1.11335
1.10796
1.11003
1.10563
1.11966
1.12793
1.12621
1.1162
1.12684
1.13277
1.13561
1.11839
1.11134
1.10847
1.11698
1.12239
1.134
1.13768
1.15072
1.12766
1.13588
1.13269
1.1421
1.1227
1.11592
1.12555
1.12336
1.13642
1.15044
1.14212
1.12989
1.14419
1.14182
1.12533
1.1237
1.12536
1.1141
1.11948
1.14354
1.13344
1.13941
1.13698
1.14943
1.14307
1.13186
1.13714
1.11685
1.11813
1.11919
1.13336
1.13828
1.13857
1.14373
1.13906
1.14967
1.13914
1.13301
1.12599
1.1154
1.12388
1.1369
1.13706
1.14736
1.1437
1.14237
1.1382
1.14673
1.13138
1.11199
1.1193
1.11636
1.1283
1.13152
1.1446
1.15006
1.13817
1.13585
1.13537
1.12647
1.11467
1.10594
1.11423
1.12607
1.14204
1.13809
1.13266
1.13154
1.1316
1.14318
1.13066
1.11457
1.1106
1.12071
1.11242
1.13647
1.14185
1.14327
1.1365
1.1392
1.14139
1.13384
1.11776
1.11382
1.11706
1.11961
1.12984
1.13771
1.1386
1.13798
1.12742
1.13322
1.13782
1.12097
1.10988
1.10312
1.11315
1.12352
1.12639
1.13114
1.12273
1.12507
1.13226
1.13224
1.12703
1.1155
1.11134
1.11199
1.11605
1.14055
1.13224
1.13056
1.12439
1.12623
1.13906
1.13403
1.11732
1.0991
1.11083
1.11273
1.14199
1.1372
1.13887
1.13658
1.13515
1.13301
1.13467
1.11966
1.11366
1.11493
1.11974
1.13221
1.13475
1.13069
1.12681
1.12931
1.12917
1.13162
1.12283
1.10302
1.10579
1.10477
1.12058
1.12273
1.13098
1.13847
1.12365
1.12181
1.13
1.11235
1.10926
1.11656
1.1075
1.11599
1.1283
1.13893
1.13213
1.13197
1.12816
1.13077
1.12907
1.10806
1.1075
1.1098
1.11839
1.12782
1.13486
1.1402
1.12252
1.12515
1.12623
1.12502
1.11662
1.11206
1.11132
1.11633
1.1369
1.14882
1.14071
1.13253
1.13828
1.12872
1.13481
1.12539
1.11019
1.10936
1.11584
1.12486
1.14077
1.13042
1.1288
1.12441
1.13336
1.12176
1.11849
1.09667
1.10021
1.09935
1.10266
1.11615
1.12173
1.10627
1.11794
1.12286
1.11586
1.10193
1.09584
1.08839
1.08223
1.09245
1.10609
1.10335
1.10082
1.09832
1.10044
1.09883
1.09607
1.08698
1.07282
1.08123
1.09074
1.10074
1.1182
1.10518
1.10261
1.10998
1.12021
1.10307
1.09689
1.08028
1.07885
1.09349
1.10446
1.10704
1.12236
1.10497
1.11338
1.11859
1.14507
1.1549
1.11747
1.1107
1.11828
1.13518
1.13911
1.13317
1.13248
1.13162
1.12402
1.12233
1.11586
1.10396
1.10566
1.11266
1.12862
1.13077
1.12473
1.1216
1.13061
1.12734
1.12647
1.11395
1.11571
1.11114
1.12102
1.13258
1.14767
1.148
1.14992
1.13534
1.14597
1.13577
1.12375
1.11493
1.11719
1.12333
1.13136
1.14857
1.13671
1.14414
1.13165
1.14288
1.13803
1.14526
1.1257
1.12562
1.12357
1.14028
1.14671
1.15171
1.1434
1.14635
1.14365
1.15113
1.15418
1.13021
1.11688
1.11859
1.12486
1.14791
1.14761
1.1585
1.15229
1.15207
1.14747
1.1521
1.14605
1.134
1.13405
1.14822
1.15133
1.15998
1.16144
1.15014
1.15418
1.16293
1.15496
1.15285
1.1392
1.13355
1.13623
1.15227
1.16124
1.16051
1.15537
1.15357
1.15805
1.15771
1.15064
1.13122
1.12721
1.1261
1.13776
1.15141
1.14498
1.13984
1.13714
1.14028
1.15144
1.14259
1.12869
1.12562
1.12207
1.13974
1.13478
1.15296
1.14463
1.14106
1.15072
1.15548
1.15011
1.1449
1.13122
1.12607
1.12544
1.15421
1.15293
1.15866
1.14995
1.15473
1.15866
1.15254
1.14425
1.13309
1.13125
1.1336
1.14943
1.15797
1.15036
1.14044
1.14589
1.15906
1.15532
1.15169
1.1321
1.1369
1.13013
1.15177
1.15693
1.15777
1.16124
1.14948
1.15526
1.15833
1.15271
1.12984
1.12681
1.13363
1.12718
1.15841
1.15752
1.15122
1.14553
1.14621
1.15102
1.15576
1.14082
1.12665
1.12273
1.1393
1.14362
1.15006
1.14501
1.14594
1.15171
1.1513
1.15485
1.13658
1.13112
1.12639
1.13847
1.1571
1.15732
1.16049
1.15707
1.16124
1.16471
1.15945
1.15607
1.13917
1.14117
1.14646
1.14548
1.15091
1.1676
1.162
1.15482
1.1573
1.15055
1.14857
1.13165
1.12452
1.12915
1.14509
1.15318
1.15763
1.16054
1.1452
1.16105
1.15412
1.14441
1.13644
1.12901
1.13583
1.13768
1.15529
1.15313
1.1611
1.14717
1.15124
1.15196
1.14583
1.13317
1.13486
1.11693
1.13901
1.13822
1.14992
1.14446
1.15028
1.14608
1.15385
1.14649
1.144
1.12539
1.12047
1.12891
1.12655
1.15094
1.14337
1.13838
1.13803
1.14215
1.15108
1.14874
1.13564
1.12864
1.13609
1.13125
1.1452
1.14956
1.13114
1.14695
1.14332
1.15476
1.13599
1.13478
1.12231
1.12729
1.12352
1.15006
1.15224
1.14827
1.1466
1.14833
1.15727
1.15615
1.14556
1.12283
1.13237
1.14031
1.14419
1.14945
1.14786
1.14392
1.15371
1.14923
1.14408
1.14106
1.12915
1.13806
1.12954
1.14575
1.15078
1.14621
1.13197
1.13733
1.14093
1.14305
1.13537
1.12758
1.12415
1.13416
1.13053
1.1431
1.13768
1.13149
1.12615
1.13966
1.13998
1.12634
1.11581
1.1099
1.11281
1.11831
1.12584
1.13138
1.1227
1.11688
1.13229
1.13456
1.13021
1.1187
1.1141
1.11959
1.14052
1.13914
1.14591
1.13696
1.13714
1.14376
1.14967
1.14158
1.13626
1.12965
1.13074
1.12806
1.1469
1.15548
1.13798
1.13628
1.13626
1.14468
1.14474
1.14223
1.12173
1.11325
1.12732
1.12457
1.13553
1.13513
1.12095
1.12102
1.12446
1.13194
1.11641
1.11271
1.11227
1.10878
1.11535
1.12936
1.12129
1.11478
1.11302
1.11654
1.12676
1.12299
1.10972
1.09915
1.11093
1.11085
1.12949
1.12763
1.11922
1.11594
1.10205
1.11044
1.12568
1.09074
1.09953
1.10183
1.11993
1.12827
1.13109
1.12323
1.12832
1.11878
1.12994
1.12525
1.10479
1.10403
1.09772
1.10008
1.10312
1.11413
1.11325
1.1086
1.11794
1.11846
1.11273
1.11139
1.0897
1.09888
1.09489
1.10424
1.10768
1.1034
1.10485
1.09452
1.10819
1.10957
1.09699
1.08213
1.07809
1.09054
1.08767
1.09163
1.09724
1.09933
1.09235
1.09404
1.10533
1.10742
1.09477
1.08091
1.07797
1.08962
1.10249
1.10026
1.10145
1.0981
1.09772
1.10309
1.10872
1.0858
1.08384
1.07335
1.0859
1.09143
1.10439
1.09394
1.09044
1.08472
1.09815
1.1013
1.08524
1.07306
1.07558
1.07679
1.0925
1.11124
1.14047
1.10003
1.11006
1.11878
1.12084
1.10711
1.09312
1.09607
1.11465
1.11906
1.12441
1.11649
1.11589
1.11037
1.1211
1.12105
1.11242
1.11116
1.10492
1.10314
1.12092
1.12518
1.12218
1.10803
1.11667
1.12053
1.12539
1.12811
1.11163
1.11888
1.12257
1.13069
1.13941
1.13218
1.1199
1.12441
1.12063
1.13653
1.13674
1.12207
1.12115
1.11612
1.12134
1.13572
1.1296
1.1211
1.12396
1.12199
1.1354
1.12695
1.1117
1.10906
1.10706
1.11529
1.12312
1.12417
1.12496
1.10878
1.1187
1.13304
1.12976
1.1236
1.1139
1.11217
1.11807
1.12856
1.12218
1.12071
1.12089
1.11307
1.12729
1.12441
1.12281
1.11475
1.1123
1.11483
1.12636
1.1362
1.12923
1.11904
1.11519
1.12032
1.1328
1.12541
1.11792
1.11245
1.1147
1.11844
1.12218
1.13056
1.13018
1.11912
1.11828
1.1365
1.12745
1.1205
1.12299
1.11656
1.12304
1.13237
1.13109
1.12597
1.11212
1.11948
1.12968
1.13387
1.11755
1.1169
1.11896
1.12102
1.13336
1.12528
1.12108
1.12525
1.11204
1.12941
1.13771
1.12547
1.11509
1.11242
1.11377
1.12231
1.12965
1.12257
1.11833
1.12008
1.13852
1.13833
1.1389
1.11773
1.12283
1.1237
1.13747
1.14017
1.13416
1.12027
1.11974
1.12628
1.13998
1.13186
1.1241
1.11436
1.11636
1.12097
1.12732
1.12176
1.11503
1.11519
1.12512
1.12555
1.12367
1.11859
1.11581
1.11854
1.1231
1.13048
1.1332
1.11833
1.11734
1.11255
1.13293
1.12989
1.1275
1.10824
1.11537
1.11948
1.12552
1.12441
1.12244
1.1182
1.11571
1.11969
1.13472
1.12136
1.1067
1.10842
1.10791
1.12431
1.12336
1.11618
1.1087
1.10454
1.12029
1.11906
1.12748
1.11405
1.11379
1.10842
1.11854
1.12496
1.12679
1.11242
1.1106
1.11369
1.13133
1.11904
1.11397
1.11289
1.11245
1.12615
1.13077
1.13806
1.11576
1.11067
1.12755
1.12835
1.13077
1.12576
1.1176
1.11618
1.12236
1.12399
1.13048
1.11959
1.11711
1.1147
1.13034
1.12952
1.12732
1.10619
1.12068
1.1108
1.12753
1.13306
1.12436
1.12123
1.11677
1.12333
1.12933
1.1288
1.12798
1.12029
1.1182
1.13309
1.13679
1.1297
1.12123
1.11134
1.12029
1.1274
1.12718
1.12236
1.10831
1.1098
1.11654
1.13288
1.12663
1.11714
1.10008
1.11235
1.12949
1.12
1.12336
1.10648
1.10862
1.12191
1.12053
1.12452
1.12504
1.10765
1.10686
1.11605
1.132
1.11532
1.10505
1.11901
1.1156
1.12737
1.1275
1.11129
1.10061
1.1015
1.12257
1.12233
1.11985
1.11646
1.11599
1.11506
1.12708
1.13058
1.1099
1.10485
1.11155
1.12286
1.11831
1.12066
1.11132
1.11555
1.1117
1.12599
1.12597
1.1154
1.11181
1.10727
1.10778
1.11995
1.12793
1.12315
1.1065
1.11779
1.11779
1.12375
1.12032
1.1016
1.10826
1.10722
1.12478
1.13282
1.11701
1.11281
1.11039
1.11364
1.12254
1.13082
1.1019
1.09427
1.11356
1.11222
1.11857
1.12053
1.1117
1.10211
1.10834
1.11173
1.10908
1.10497
1.10107
1.09143
1.10439
1.12079
1.11093
1.1133
1.10008
1.10449
1.11101
1.11651
1.11403
1.09883
1.09272
1.11506
1.12108
1.11369
1.11083
1.10614
1.10745
1.11024
1.11886
1.11371
1.10993
1.10029
1.1087
1.11163
1.12555
1.11286
1.10411
1.11535
1.10426
1.12584
1.11475
1.10513
1.0925
1.09554
1.10029
1.12197
1.11656
1.10704
1.10757
1.10218
1.11745
1.11631
1.11217
1.10617
1.09682
1.10722
1.11114
1.10934
1.10243
1.09203
1.10589
1.11011
1.10665
1.10528
1.089
1.09873
1.08861
1.10591
1.10178
1.09509
1.09354
1.09457
1.10046
1.10693
1.09532
1.09502
1.08502
1.09036
1.09903
1.10107
1.08794
1.07592
1.08529
1.08548
1.09597
1.10837
1.09086
1.07819
1.07962
1.09629
1.09572
1.09993
1.08477
1.0822
1.08479
1.09672
1.09372
1.09208
1.08101
1.08435
1.08674
1.09785
1.09519
1.08861
1.07931
1.08792
1.09817
1.09472
1.08989
1.07996
1.06928
1.08755
1.09069
1.12745
1.12862
1.09285
1.1065
1.11439
1.10368
1.09852
1.09382
1.10074
1.10903
1.1279
1.12144
1.1038
1.10183
1.10834
1.1215
1.12639
1.10434
1.10011
1.10132
1.11982
1.11896
1.12822
1.12299
1.10678
1.11253
1.12626
1.1297
1.12089
1.11563
1.11101
1.11571
1.13435
1.12615
1.11547
1.11685
1.12223
1.12681
1.12549
1.12581
1.10637
1.1125
1.11899
1.12518
1.12655
1.11899
1.12105
1.11346
1.11304
1.13213
1.13502
1.12212
1.11602
1.12491
1.13005
1.12066
1.12499
1.12386
1.11204
1.12136
1.12533
1.12628
1.11514
1.10742
1.12257
1.12129
1.12936
1.12761
1.12126
1.11359
1.11382
1.11969
1.12753
1.11641
1.1116
1.11995
1.12032
1.11912
1.12068
1.11675
1.12019
1.11857
1.12838
1.12891
1.13499
1.12194
1.11333
1.12019
1.13331
1.12896
1.12584
1.11506
1.1176
1.11776
1.14074
1.13232
1.11701
1.11511
1.11732
1.13234
1.13205
1.127
1.11883
1.10826
1.11659
1.1324
1.13523
1.12491
1.11545
1.11638
1.11805
1.13911
1.12933
1.12388
1.12555
1.12584
1.14256
1.13459
1.13114
1.12155
1.12399
1.11972
1.14641
1.13336
1.12602
1.12068
1.12933
1.12864
1.1508
1.1296
1.12281
1.11966
1.11922
1.12976
1.13256
1.13002
1.11693
1.12941
1.13938
1.14572
1.13995
1.12481
1.13101
1.12811
1.15033
1.14509
1.13293
1.13229
1.12755
1.13056
1.15232
1.13976
1.12946
1.12931
1.1226
1.13446
1.13865
1.13583
1.12283
1.12194
1.11849
1.1383
1.12467
1.11938
1.11896
1.12076
1.13216
1.13443
1.13424
1.12705
1.1098
1.12336
1.13056
1.12591
1.12095
1.11106
1.11506
1.11781
1.1324
1.12962
1.12383
1.12081
1.11878
1.13785
1.14193
1.12045
1.11859
1.11961
1.12239
1.14406
1.13376
1.12856
1.13245
1.13277
1.12436
1.13416
1.13101
1.12854
1.11807
1.11724
1.12748
1.13529
1.13696
1.13218
1.12888
1.12354
1.14386
1.14033
1.11734
1.11755
1.12872
1.13034
1.13744
1.12838
1.12045
1.11849
1.13266
1.1266
1.12952
1.12536
1.11844
1.11222
1.11325
1.12121
1.12732
1.1283
1.11088
1.11542
1.12362
1.1199
1.12888
1.10668
1.10913
1.10637
1.13088
1.13841
1.13591
1.11698
1.1126
1.12755
1.12989
1.12325
1.12247
1.11909
1.1156
1.11844
1.12076
1.1217
1.11415
1.11488
1.11055
1.12684
1.1211
1.10413
1.10566
1.11129
1.11771
1.11599
1.12047
1.10865
1.10829
1.11904
1.13152
1.13013
1.11669
1.11119
1.10518
1.11529
1.11927
1.12302
1.11904
1.10627
1.10906
1.12354
1.12032
1.11675
1.10895
1.10665
1.11024
1.12504
1.12504
1.11912
1.10903
1.11173
1.12239
1.11566
1.12003
1.10819
1.11253
1.11119
1.1126
1.11418
1.11532
1.10788
1.11057
1.11535
1.12089
1.12163
1.11662
1.11995
1.10082
1.10757
1.11951
1.11418
1.10424
1.11263
1.10551
1.11304
1.11922
1.1098
1.0871
1.10006
1.10256
1.11951
1.12136
1.10965
1.10056
1.1017
1.12013
1.11669
1.11263
1.09369
1.10241
1.11093
1.11638
1.12199
1.11431
1.10806
1.11052
1.12032
1.12218
1.11893
1.11121
1.11379
1.10467
1.11865
1.11972
1.11356
1.10332
1.1063
1.1037
1.1018
1.11586
1.09327
1.0875
1.09024
1.09702
1.10097
1.11006
1.1052
1.10259
1.0985
1.10739
1.11883
1.10036
1.09402
1.0845
1.10688
1.1087
1.10355
1.10056
1.09953
1.10107
1.11034
1.10939
1.09155
1.08367
1.08191
1.08573
1.10264
1.09302
1.08979
1.08284
1.07689
1.10094
1.09966
1.0894
1.08587
1.07667
1.08132
1.09925
1.09619
1.09002
1.09352
1.09319
1.10459
1.10734
1.11359
1.09031
1.08928
1.08499
1.09562
1.10337
1.09457
1.08279
1.07732
1.08384
1.08276
1.07515
1.07342
1.06077
1.06759
1.07914
1.08074
1.09029
1.08213
1.07921
1.07124
1.08772
1.08364
1.07904
1.0688
1.07754
1.08357
1.09692
1.08905
1.08698
1.07734
1.07936
1.08531
1.08367
1.08804
1.05988
1.05876
1.06558
1.06942
1.07795
1.07428
1.06852
1.06404
1.07371
1.08807
1.10221
1.10533
1.08637
1.09677
1.10691
1.09677
1.08426
1.08583
1.10102
1.09624
1.09487
1.09315
1.07974
1.07426
1.09599
1.10072
1.09577
1.09419
1.08762
1.09302
1.0991
1.09878
1.09479
1.08433
1.10228
1.09895
1.11235
1.11001
1.0919
1.0889
1.09579
1.10839
1.1013
1.10266
1.08809
1.09111
1.09437
1.10406
1.10446
1.09484
1.08074
1.08915
1.10145
1.09727
1.09564
1.08905
1.08556
1.08826
1.09988
1.09116
1.0889
1.08382
1.08873
1.09893
1.0978
1.0915
1.08656
1.07797
1.08247
1.0857
1.10094
1.09113
1.09178
1.08563
1.08782
1.10658
1.10029
1.09245
1.08011
1.08342
1.0889
1.09998
1.09489
1.09195
1.08846
1.09928
1.09993
1.10024
1.10094
1.08664
1.07921
1.09893
1.10008
1.10462
1.09088
1.08411
1.08191
1.09492
1.09434
1.09772
1.07936
1.07169
1.08489
1.10939
1.098
1.08728
1.08937
1.08755
1.09332
1.10092
1.10655
1.09069
1.08644
1.08455
1.10195
1.10046
1.09287
1.08831
1.08367
1.09126
1.10157
1.10411
1.08519
1.08942
1.08883
1.09925
1.11369
1.10444
1.10551
1.10467
1.09632
1.1049
1.11093
1.10734
1.09168
1.09447
1.10983
1.12642
1.11789
1.10408
1.09852
1.10378
1.11008
1.10926
1.10829
1.10155
1.09497
1.10429
1.11493
1.11281
1.10719
1.10906
1.10147
1.11431
1.1168
1.11421
1.09991
1.09424
1.09612
1.09875
1.1096
1.10195
1.10724
1.09948
1.10704
1.10231
1.10819
1.0923
1.09782
1.09392
1.10581
1.10378
1.10747
1.09474
1.09574
1.10507
1.10653
1.11181
1.0994
1.08898
1.08426
1.09534
1.10716
1.10701
1.10082
1.08379
1.0872
1.10681
1.10208
1.08856
1.0847
1.08045
1.09324
1.0988
1.10487
1.10112
1.09667
1.09128
1.10102
1.0979
1.10591
1.09163
1.08965
1.10011
1.09597
1.10645
1.10467
1.09759
1.09497
1.10683
1.10474
1.10385
1.10044
1.08514
1.09564
1.1088
1.10604
1.11253
1.10327
1.10462
1.10001
1.10632
1.10954
1.10019
1.09667
1.10132
1.10901
1.11904
1.11374
1.10312
1.10931
1.10188
1.1096
1.10885
1.10147
1.10358
1.09719
1.10637
1.10701
1.10972
1.10454
1.09928
1.10021
1.10178
1.1087
1.09587
1.09507
1.08863
1.09083
1.10773
1.10824
1.1035
1.0917
1.09702
1.09086
1.1076
1.10497
1.09175
1.08947
1.09227
1.10142
1.10413
1.09993
1.09925
1.09782
1.10203
1.09554
1.10457
1.09777
1.0873
1.08328
1.09805
1.10102
1.10581
1.10421
1.09719
1.10988
1.12011
1.10676
1.09795
1.08733
1.09482
1.09966
1.10916
1.10798
1.10099
1.10099
1.10719
1.11361
1.11498
1.10102
1.10418
1.10385
1.09332
1.10635
1.11413
1.11289
1.10642
1.11255
1.12349
1.12013
1.10556
1.09178
1.0923
1.09509
1.10729
1.10737
1.10477
1.08898
1.10304
1.10622
1.10911
1.10722
1.09017
1.09324
1.09562
1.102
1.09674
1.10857
1.10019
1.09812
1.09079
1.10302
1.10551
1.09059
1.08059
1.07843
1.0919
1.10044
1.09905
1.08779
1.08462
1.08957
1.09825
1.10304
1.09599
1.09785
1.09012
1.08519
1.10044
1.09644
1.09235
1.09277
1.09537
1.09409
1.10246
1.09409
1.08992
1.08612
1.08325
1.09752
1.10791
1.09397
1.09218
1.08443
1.09539
1.10908
1.09101
1.08568
1.07669
1.08772
1.0919
1.09517
1.0891
1.08742
1.08524
1.09767
1.09832
1.09634
1.0812
1.07899
1.08607
1.0861
1.09444
1.09252
1.08836
1.08811
1.08794
1.09537
1.09825
1.08235
1.07945
1.08529
1.09539
1.10727
1.10403
1.09379
1.09424
1.098
1.1067
1.10145
1.09322
1.08676
1.07708
1.08293
1.09459
1.10223
1.09422
1.08747
1.09579
1.08774
1.0835
1.07064
1.07
1.06077
1.06253
1.07224
1.0757
1.07955
1.06847
1.07652
1.08416
1.08617
1.07805
1.06503
1.06167
1.06525
1.0716
1.08342
1.08814
1.06961
1.07023
1.07433
1.08006
1.07669
1.07573
1.0635
1.06876
1.06676
1.08691
1.0918
1.08492
1.07445
1.07681
1.09885
1.08399
1.06814
1.06019
1.06054
1.07977
1.08656
1.08745
1.09689
1.12454
1.09512
1.10429
1.10046
1.07291
1.07882
1.09297
1.08384
1.09855
1.09895
1.08975
1.09542
1.09717
1.11116
1.09577
1.08301
1.08271
1.08298
1.09404
1.10135
1.10983
1.09664
1.09394
1.11029
1.11034
1.10416
1.09257
1.08905
1.08804
1.08688
1.10401
1.1077
1.10406
1.10193
1.1125
1.1134
1.11576
1.10561
1.09407
1.09061
1.10238
1.10883
1.11147
1.12467
1.10502
1.10335
1.11096
1.1181
1.10696
1.10307
1.10079
1.1067
1.11649
1.11361
1.12494
1.11693
1.10046
1.11773
1.11459
1.12079
1.10087
1.10599
1.09749
1.11335
1.11418
1.11519
1.10875
1.10034
1.10788
1.12129
1.1226
1.0986
1.10135
1.09792
1.10031
1.1132
1.11836
1.11439
1.10581
1.11454
1.11875
1.11623
1.11581
1.10462
1.09805
1.10811
1.12718
1.12499
1.12557
1.10947
1.10954
1.12291
1.1181
1.11831
1.10594
1.09993
1.10962
1.11441
1.11826
1.11993
1.12339
1.12838
1.12504
1.12354
1.12994
1.11214
1.11116
1.10457
1.10934
1.11794
1.12291
1.12436
1.11297
1.12205
1.12412
1.12037
1.11708
1.10157
1.10852
1.10852
1.11441
1.12123
1.10734
1.11085
1.11039
1.12315
1.11667
1.11286
1.09158
1.09649
1.10112
1.11037
1.11328
1.12732
1.10627
1.11592
1.12367
1.1182
1.11242
1.10276
1.10024
1.09805
1.11248
1.12539
1.11974
1.12417
1.11857
1.12084
1.11516
1.11797
1.1106
1.1016
1.10993
1.10806
1.11571
1.12339
1.11085
1.11356
1.10875
1.12352
1.12241
1.11348
1.10919
1.1064
1.1108
1.12531
1.12755
1.13144
1.11969
1.12045
1.12581
1.13671
1.11333
1.10729
1.10566
1.10752
1.11553
1.12504
1.13459
1.11555
1.12452
1.12066
1.12431
1.10898
1.10398
1.10294
1.10617
1.1116
1.12591
1.12726
1.12047
1.11434
1.12278
1.11042
1.1168
1.11075
1.09569
1.10107
1.10287
1.12032
1.12811
1.11844
1.11055
1.11379
1.12954
1.12578
1.11217
1.10719
1.098
1.11449
1.12089
1.13446
1.13987
1.12877
1.12586
1.13925
1.12555
1.1154
1.10464
1.10373
1.11052
1.1193
1.12962
1.12872
1.12761
1.13849
1.14196
1.13685
1.11891
1.10898
1.10525
1.11478
1.12867
1.13507
1.12462
1.13467
1.11392
1.13714
1.13422
1.12053
1.11612
1.10036
1.11098
1.11797
1.13328
1.13749
1.13058
1.12885
1.13947
1.13491
1.12681
1.11266
1.10798
1.10586
1.11392
1.12207
1.12286
1.12862
1.12436
1.14039
1.12446
1.11545
1.11193
1.10548
1.10791
1.10223
1.1139
1.12115
1.13272
1.12721
1.12194
1.12555
1.12602
1.11584
1.10122
1.10261
1.09714
1.11147
1.12732
1.1305
1.12087
1.12173
1.12417
1.121
1.10256
1.09878
1.09198
1.10092
1.11384
1.12507
1.12581
1.12357
1.11315
1.11589
1.11831
1.11369
1.10421
1.09905
1.10457
1.10798
1.12233
1.12215
1.12212
1.12019
1.11633
1.12105
1.11016
1.09369
1.09369
1.08455
1.11067
1.10783
1.12061
1.11242
1.11638
1.10617
1.11364
1.11457
1.092
1.08755
1.09805
1.08878
1.09732
1.10635
1.10218
1.09832
1.09722
1.11127
1.10965
1.10165
1.09061
1.09667
1.09245
1.10451
1.11566
1.11266
1.11042
1.11724
1.11483
1.10847
1.1088
1.10145
1.09111
1.08952
1.09208
1.10653
1.10617
1.09986
1.10464
1.10699
1.10599
1.10622
1.09617
1.0894
1.08108
1.09232
1.10087
1.10292
1.10558
1.09504
1.11643
1.10934
1.10563
1.09098
1.08819
1.08106
1.09642
1.10297
1.1037
1.10221
1.09564
1.08836
1.11483
1.1012
1.09487
1.09699
1.08816
1.08873
1.09812
1.11558
1.10967
1.1016
1.10607
1.1077
1.10952
1.11714
1.10586
1.0872
1.08935
1.09647
1.10895
1.11119
1.10203
1.09302
1.10701
1.11813
1.11281
1.10358
1.08876
1.09036
1.09775
1.11509
1.11457
1.10563
1.10411
1.1125
1.1131
1.11258
1.09687
1.08881
1.08664
1.09572
1.10801
1.11506
1.11065
1.1018
1.10066
1.12142
1.10942
1.10008
1.08984
1.09577
1.09832
1.10834
1.11959
1.12252
1.1149
1.11985
1.1088
1.12425
1.11833
1.#INF
