-22.0688
-19.253
-20.0688
-20.4555
-19.9424
-20.1055
-19.9857
-20.2414
-20.3402
-20.2033
-20.4012
-20.5139
-19.7058
-20.0944
-20.1864
-20.2195
-19.9621
-20.0708
-19.7378
-19.8473
-20.3747
-20.1764
-20.2532
-20.023
-19.9228
-20.4928
-20.0611
-19.953
-19.7156
-19.882
-19.6217
-19.9581
-19.8475
-19.2313
-19.3381
-19.6157
-19.5829
-19.7104
-19.573
-19.6363
-19.2128
-19.3484
-19.2103
-19.6615
-19.9122
-19.5136
-19.5276
-19.8805
-19.9122
-19.6772
-19.3171
-19.663
-19.4234
-19.6543
-19.8973
-20.1203
-19.9676
-19.9609
-19.8505
-20.1903
-20.3975
-19.9025
-19.6855
-19.7316
-19.6053
-19.8718
-19.365
-19.7006
-19.6337
-19.6505
-19.9356
-19.7224
-19.3689
-19.6894
-19.7646
-19.4384
-19.6645
-19.7308
-19.4882
-19.6967
-19.6658
-19.7013
-19.5705
-19.9901
-19.0954
-19.4261
-19.0375
-19.7864
-19.5168
-20.0828
-19.5091
-19.7556
-19.8221
-19.9195
-19.9722
-19.5837
-19.3855
-19.5749
-19.5723
-19.7251
-19.2895
-19.2135
-19.4479
-19.4639
-19.3513
-19.4589
-19.2706
-19.2965
-19.6034
-19.7931
-19.9516
-19.7351
-19.6358
-19.7228
-19.4596
-19.6265
-19.62
-19.2839
-19.3481
-19.3183
-19.3039
-19.9663
-19.9973
-19.9175
-19.9445
-19.6067
-19.8861
-19.9529
-19.9022
-19.8502
-19.8829
-19.9762
-19.8503
-19.796
-20.2281
-20.2073
-20.2151
-20.2558
-19.9747
-20.2813
-19.7504
-19.9537
-19.8454
-20.0974
-20.4535
-20.1961
-20.0358
-20.334
-20.5849
-20.1489
-20.0703
-20.1506
-20.1094
-19.902
-20.3422
-20.3009
-20.317
-19.9534
-19.9419
-19.9249
-20.3815
-20.3156
-20.0189
-20.3802
-20.1276
-20.3365
-20.2142
-20.9214
-20.9374
-20.86
-20.7575
-20.812
-20.672
-20.5885
-20.3322
-20.577
-20.5817
-20.8275
-20.8837
-21.042
-20.735
-20.3194
-20.605
-20.5423
-19.9122
-20.3677
-20.065
-20.0403
-20.2514
-20.5184
-20.4093
-20.0075
-19.9935
-20.0125
-19.9425
-20.3015
-19.6662
-19.6927
-19.6137
-19.8073
-20.132
-19.9688
-20.4277
-19.7688
-20.1187
-19.6975
-19.7212
-19.238
-19.2364
-19.2821
-19.2816
-19.1838
-18.9776
-19.0831
-19.4068
-19.2982
-19.1958
-19.0502
-18.7316
-18.8542
-18.8181
-19.14
-18.8999
-19.0835
-19.2622
-19.2759
-19.0703
-19.2519
-19.1608
-18.5335
-18.752
-18.7759
-18.8978
-18.9862
-19.2109
-18.742
-19.0071
-18.8596
-19.0831
-19.0403
-19.1223
-19.0486
-18.7898
-19.2735
-18.8948
-19.1696
-18.9585
-19.3214
-19.1216
-19.043
-19.0393
-18.8194
-18.6581
-18.8213
-18.3671
-18.6769
-18.7587
-19.1275
-18.6163
-18.7671
-18.6087
-18.5678
-18.4826
-18.6432
-18.1663
-17.9652
-18.7099
-18.0062
-18.2495
-18.1671
-17.9889
-18.3645
-17.8591
-17.9909
-17.9371
-17.5065
-17.9451
-17.8048
-17.9368
-18.0023
-17.9054
-18.2436
-17.917
-18.0717
-17.8255
-17.834
-17.3386
-17.8238
-17.5331
-17.639
-17.8621
-17.9433
-17.6707
-17.3352
-17.6541
-17.5854
-17.9216
-17.7689
-17.6297
-17.5735
-17.8673
-18.0849
-17.712
-17.9459
-17.9559
-18.0195
-18.1395
-18.0501
-17.9533
-17.2137
-17.7477
-17.548
-17.8178
-17.8918
-17.9159
-17.677
-17.747
-18.1805
-17.9852
-17.9508
-17.8357
-17.9816
-18.022
-18.0203
-18.2579
-18.2517
-18.475
-18.2772
-18.1505
-18.3264
-18.2891
-17.8603
-18.0301
-17.9775
-18.5197
-18.4816
-18.6201
-18.2094
-18.2241
-18.4769
-18.8327
-18.3592
-18.1673
-18.2517
-18.6349
-18.36
-18.9046
-18.9251
-18.669
-19.1488
-18.5743
-19.0003
-18.8022
-18.8082
-18.7399
-18.5249
-18.3552
-18.5558
-19.1907
-18.5578
-18.5481
-18.9704
-19.1752
-19.1591
-18.8787
-18.8956
-18.915
-19.1324
-19.2169
-19.3234
-19.4223
-19.5765
-19.3939
-19.412
-19.0676
-19.0197
-18.6289
-18.9965
-18.5149
-19.0864
-19.1533
-19.0489
-19.1151
-18.9341
-18.9359
-18.8958
-18.8945
-18.5757
-18.7391
-18.7795
-18.9599
-18.9469
-19.1373
-19.1724
-19.113
-19.4256
-19.2901
-19.179
-18.996
-19.1372
-19.3408
-19.2115
-19.304
-19.4638
-19.6766
-19.4074
-19.6184
-19.6903
-19.4039
-19.5096
-19.1324
-19.7776
-19.4519
-19.9355
-19.9658
-19.865
-20.1185
-20.4067
-20.25
-20.6465
-20.4398
-20.7311
-20.3816
-20.8067
-21.1552
-21.3579
-21.3418
-20.9712
-21.3923
-20.9769
-21.2503
-22.9849
-22.1268
-21.7599
-22.1776
-22.2477
-22.0321
-22.0262
-21.8579
-21.7392
-21.6271
-21.6389
-20.9739
-21.195
-21.2262
-21.1815
-21.6583
-21.3788
-21.6917
-21.2344
-21.7868
-21.4253
-21.1493
-21.1494
-21.315
-21.11
-21.237
-21.1148
-20.7091
-21.1101
-20.6339
-21.1882
-20.8554
-20.5858
-20.6181
-20.5894
-20.3705
-20.2401
-20.2465
-20.6414
-20.5307
-20.572
-20.3262
-20.7112
-20.5847
-20.6009
-20.0894
-20.0716
-19.8879
-20.0943
-20.647
-20.4417
-20.113
-20.4022
-20.3414
-20.2157
-20.0622
-19.9296
-19.9078
-19.5861
-20.016
-20.1097
-19.9331
-20.247
-20.0947
-19.9318
-19.862
-19.957
-19.8448
-20.1718
-19.8487
-19.8375
-19.8156
-20.2328
-20.0208
-19.9984
-19.6242
-20.1776
-19.8763
-19.5788
-19.5539
-19.4716
-19.4566
-19.4119
-19.8735
-19.8779
-19.3362
-19.8423
-19.8468
-19.498
-19.2557
-19.4848
-19.2703
-19.4427
-19.599
-19.4351
-19.5582
-19.9894
-19.6437
-19.7955
-19.6144
-19.5793
-19.2918
-19.1125
-19.4252
-19.5862
-19.5818
-19.8104
-19.6633
-19.5523
-19.8776
-19.6898
-19.5726
-19.1626
-19.2564
-19.4247
-19.1791
-19.4877
-19.5862
-19.3032
-19.4398
-19.5421
-19.6758
-19.8797
-19.6217
-19.3482
-19.323
-19.428
-19.7221
-19.5885
-19.9241
-19.4855
-19.808
-20.1106
-19.7955
-19.6629
-19.5772
-19.813
-19.6057
-19.9917
-20.2378
-20.254
-20.138
-20.3818
-20.3431
-20.565
-20.4284
-20.0913
-20.1445
-20.0576
-20.1005
-20.1629
-20.2787
-20.2498
-20.1356
-20.342
-20.1471
-20.0484
-20.0356
-20.1894
-19.9622
-20.4886
-20.5497
-20.6452
-20.7987
-20.8404
-20.9257
-20.8119
-21.0123
-20.8392
-20.4235
-20.6728
-20.9996
-20.8787
-20.8582
-21.3626
-20.9663
-20.9271
-21.0131
-21.4761
-20.7425
-21.1978
-21.2767
-21.5751
-21.2191
-21.5016
-21.8828
-21.4997
-21.5705
-21.6273
-21.5136
-21.6787
-21.679
-21.5564
-21.3996
-21.7536
-22.0997
-22.2863
-22.1292
-22.5283
-22.6834
-22.5294
-22.7615
-22.211
-21.9867
-22.2075
-22.9202
-22.6983
-22.5919
-23.2575
-22.8649
-22.9773
-23.3064
-23.5168
-23.0166
-23.4332
-23.3085
-23.3791
-23.5305
-23.5506
-23.4092
-23.31
-23.3774
-23.6992
-23.2988
-23.3709
-22.624
-23.181
-22.7661
-23.1251
-23.4171
-23.6762
-23.4399
-23.4851
-23.788
-24.0739
-23.8095
-23.3358
-23.5937
-23.8647
-23.6165
-23.9675
-23.616
-23.2963
-23.651
-23.7876
-23.4456
-23.0492
-23.3635
-22.6142
-23.2466
-23.2538
-23.2716
-23.1151
-23.4825
-23.5137
-23.411
-23.4288
-23.0189
-23.2956
-23.227
-23.3278
-23.238
-23.109
-23.47
-23.0937
-22.9506
-23.0848
-23.448
-23.0857
-22.9438
-22.8357
-22.7916
-23.2682
-23.2164
-23.2827
-23.4049
-23.6814
-23.633
-23.0556
-23.0622
-22.8253
-22.7041
-22.6749
-23.0315
-22.9531
-23.2759
-23.3112
-22.7926
-23.4095
-23.4774
-23.3135
-23.5352
-23.4087
-23.4616
-23.3271
-23.4345
-23.6873
-23.1483
-23.3537
-23.1111
-22.7344
-23.0441
-22.4607
-22.1169
-22.0843
-22.3488
-22.3513
-22.2604
-22.1689
-22.1612
-22.1374
-22.1832
-21.8571
-21.8708
-21.8369
-21.5976
-21.0347
-21.8154
-21.5503
-21.3413
-21.2071
-21.2617
-20.9303
-21.4155
-21.4128
-21.276
-20.9818
-21.1527
-21.2743
-21.3333
-21.6584
-21.3904
-21.3804
-21.4745
-21.2237
-21.4903
-21.2087
-21.4281
-20.9748
-21.2519
-21.2191
-21.1529
-21.3721
-20.9098
-21.4052
-20.8282
-21.309
-21.3626
-20.916
-20.7448
-20.7782
-20.8978
-20.7619
-20.8647
-20.5813
-20.4195
-20.6886
-20.3889
-20.6654
-20.4162
-20.2807
-19.9955
-20.8147
-20.3417
-20.2018
-20.0262
-19.9556
-20.3469
-20.083
-19.932
-19.6055
-19.6364
-19.516
-19.3394
-19.6579
-19.736
-19.4425
-19.5293
-19.4034
-19.4691
-19.7284
-19.4763
-19.4538
-19.3388
-18.9602
-19.2574
-19.3158
-19.2568
-19.1536
-19.1985
-19.0707
-19.07
-19.2679
-19.041
-18.9425
-19.2806
-19.0676
-19.1174
-19.182
-19.2647
-19.3431
-19.4951
-19.3528
-19.6748
-19.8258
-19.3244
-19.5142
-19.7591
-19.842
-19.8511
-19.8513
-19.9899
-19.725
-20.4276
-20.0557
-20.2677
-19.9129
-20.1728
-20.1611
-20.5934
-20.6974
-20.7965
-21.0686
-21.0652
-21.4081
-21.3152
-21.5224
-21.1465
-21.3979
-21.1292
-22.0666
-21.6498
-23.7613
-21.0862
-20.5817
-20.6997
-20.9659
-20.4916
-20.3889
-20.4805
-20.686
-20.7105
-20.6876
-20.2601
-20.6541
-20.7297
-20.8028
-20.4556
-20.6285
-20.6285
-20.535
-20.7592
-20.7604
-21.2448
-20.8216
-21.2503
-21.2281
-21.1166
-21.3017
-20.8869
-20.6844
-20.9195
-20.9541
-20.9219
-21.1174
-21.1804
-20.629
-21.0293
-21.0729
-20.9173
-20.7214
-20.7568
-20.5821
-20.5589
-20.7923
-20.9089
-20.8409
-20.7981
-20.8674
-21.1176
-20.7793
-21.3454
-20.8271
-20.8343
-21.0493
-21.1121
-21.2563
-21.111
-21.1887
-20.9324
-21.4522
-20.9499
-21.062
-20.9656
-21.0514
-21.0564
-21.1399
-21.1198
-21.4852
-21.4736
-21.3384
-21.6057
-21.4988
-21.6088
-21.7924
-21.6445
-21.7954
-22.0346
-22.0406
-22.3214
-22.0443
-21.899
-22.2631
-22.2794
-21.9947
-21.8096
-21.7061
-21.6863
-21.7163
-22.0361
-22.3034
-21.6946
-21.9153
-21.6537
-22.2014
-21.8619
-21.5315
-21.6597
-21.668
-21.8438
-21.6414
-22.1943
-22.2475
-22.1422
-21.7783
-21.9576
-22.114
-21.9237
-22.0015
-21.5357
-21.7019
-21.8765
-21.832
-21.7289
-21.706
-21.2705
-21.3619
-21.1127
-20.8295
-21.3679
-21.0598
-20.7061
-21.3182
-20.9735
-20.93
-20.8933
-20.8025
-21.1049
-21.3989
-20.9285
-20.9211
-20.8077
-20.5178
-20.9155
-20.7765
-21.0295
-20.8986
-20.9132
-20.738
-20.9801
-20.7911
-20.6825
-20.5348
-20.6963
-20.3965
-20.8215
-20.8176
-20.6184
-20.6203
-20.5768
-20.5566
-20.234
-20.5909
-20.1529
-19.7196
-19.8814
-20.1948
-20.2729
-20.0407
-19.9552
-19.8577
-20.2844
-20.0923
-19.7361
-19.7656
-19.6421
-19.7213
-19.9716
-19.8984
-19.8626
-19.9611
-20.4333
-20.02
-20.1041
-19.8681
-20.0372
-19.4386
-19.7829
-19.7485
-20.0346
-19.9309
-19.981
-19.9592
-19.6433
-19.668
-19.6353
-19.4695
-19.1565
-19.5815
-19.3191
-19.1505
-19.4492
-19.6106
-19.3323
-19.6708
-19.6951
-19.6788
-19.3701
-19.6274
-19.4606
-19.7039
-19.8248
-19.9814
-19.8328
-19.4914
-19.9705
-19.5392
-19.0867
-18.955
-18.9559
-18.9105
-18.9931
-18.9565
-18.7971
-18.917
-18.5649
-18.7365
-18.6216
-18.5763
-18.2812
-18.2283
-18.2319
-18.2809
-18.286
-18.6644
-18.6217
-18.5019
-18.3938
-18.5502
-18.6343
-18.5421
-18.6062
-18.4415
-18.7564
-18.4827
-18.586
-18.8296
-18.8367
-18.6528
-18.8526
-18.7184
-18.6805
-18.5059
-18.3575
-18.1819
-18.304
-18.8715
-18.9239
-18.9527
-18.4538
-18.6767
-19.1755
-18.928
-18.7391
-18.7317
-18.4067
-18.918
-18.5628
-18.7743
-18.7448
-18.8801
-18.9842
-19.2146
-18.9617
-19.3463
-19.089
-19.1596
-19.1154
-19.0685
-19.0556
-19.3347
-18.9953
-19.393
-19.2894
-19.297
-19.346
-19.1643
-19.4601
-19.0436
-19.2571
-19.4882
-19.2358
-19.5763
-19.2962
-19.2417
-19.5575
-19.0953
-19.3487
-19.3014
-19.2791
-19.9034
-19.8756
-19.8558
-19.6429
-20.0854
-19.5816
-19.4017
-19.8073
-20.0884
-19.8448
-19.6791
-19.6384
-19.7267
-20.3054
-20.4008
-20.2276
-20.1826
-20.3282
-20.1974
-20.715
-20.3984
-20.6995
-20.5851
-20.7331
-21.3665
-21.2267
-21.2222
-21.2244
-21.2776
-21.4543
-21.3511
-21.1088
-21.1488
-21.0288
-21.2524
-21.663
-21.2919
-22.1801
-21.7296
-22.032
-21.8926
-22.1956
-22.1723
-21.9274
-22.3095
-22.6281
-22.6274
-22.8941
-23.0477
-22.5677
-22.8215
-22.8102
-23.0706
-22.7107
-22.6517
-22.2307
-22.6045
-22.5417
-22.4944
-22.3131
-22.7026
-22.5764
-22.583
-22.3914
-21.9191
-22.226
-22.1569
-22.04
-22.7156
-22.2016
-22.3413
-22.3032
-22.4477
-22.2665
-22.6665
-22.6484
-22.2048
-22.1188
-22.1655
-22.1176
-22.6597
-22.3556
-22.6797
-22.3866
-22.5304
-22.4834
-22.3166
-22.3144
-21.8108
-21.6432
-21.833
-21.9246
-21.655
-21.8507
-21.7481
-21.4246
-21.7532
-22.0107
-21.7506
-21.3916
-21.5131
-21.3694
-21.4639
-21.3314
-21.5757
-21.3826
-21.4103
-21.492
-21.2386
-20.9986
-21.2196
-20.7133
-20.8533
-21.8376
-21.1912
-21.2807
-21.1254
-21.2751
-20.7387
-20.9738
-21.0567
-20.7044
-20.7338
-20.615
-20.8248
-21.2358
-21.254
-21.0031
-20.8652
-21.6265
-20.9829
-21.5085
-21.4024
-21.3797
-21.8815
-21.5622
-21.9304
-22.0659
-21.7063
-21.9441
-21.423
-21.7654
-21.3955
-21.2951
-22.7877
-20.3393
-20.2181
-20.4368
-20.4212
-19.8748
-19.8059
-19.7478
-19.4617
-19.1634
-19.1867
-19.3801
-19.2612
-19.0516
-19.4711
-19.4123
-19.307
-19.0492
-19.2679
-19.2639
-19.0997
-18.6874
-18.9187
-18.7691
-18.8105
-18.7804
-19.0745
-18.3961
-18.3485
-18.7036
-18.517
-18.5399
-18.2222
-18.1872
-18.1201
-17.9677
-17.9831
-17.8042
-18.0089
-17.4099
-17.9978
-17.551
-17.5634
-17.7083
-17.2771
-17.2863
-17.2305
-17.642
-17.7666
-17.8974
-17.7676
-17.5451
-17.8806
-17.3635
-17.7704
-17.308
-17.6169
-17.6179
-17.7708
-17.9003
-17.6504
-17.8588
-17.954
-18.3449
-18.5528
-18.1459
-17.983
-18.1338
-18.3853
-18.1985
-18.0533
-18.5622
-17.9291
-17.9903
-17.9929
-18.3532
-18.3211
-18.163
-18.1684
-18.1624
-18.0222
-18.5272
-18.2867
-18.3713
-18.1473
-18.2497
-18.5209
-18.5277
-18.3137
-18.592
-18.3791
-18.3883
-18.2392
-18.7088
-18.2799
-18.4913
-18.2762
-18.7334
-18.1104
-18.5624
-18.6603
-17.9795
-18.1841
-18.3243
-18.4586
-18.1227
-18.5133
-18.4812
-18.2716
-18.7778
-18.5031
-18.4216
-18.247
-18.5072
-18.2772
-18.4171
-18.6301
-18.1332
-18.3772
-18.4505
-18.4998
-18.3369
-18.4065
-18.8006
-18.6329
-18.4871
-18.8475
-19.1782
-18.9369
-19.3078
-19.0564
-19.4646
-19.2488
-18.9338
-19.1135
-18.9707
-19.3635
-19.4288
-19.3712
-19.3448
-19.0017
-19.3978
-19.0839
-19.2129
-19.5888
-19.2333
-19.0496
-19.0561
-19.2324
-19.482
-19.3022
-19.5999
-19.8108
-19.6279
-19.7678
-19.4285
-19.5074
-19.8468
-19.4591
-19.4714
-19.7893
-19.9116
-19.783
-20.0933
-20.2182
-20.5725
-20.1518
-20.0708
-20.1329
-19.9783
-20.0841
-20.1753
-19.9783
-19.891
-19.8853
-19.7727
-19.9322
-19.7449
-19.6921
-19.6349
-19.7088
-19.7564
-19.939
-20.1562
-19.7368
-19.9425
-19.6161
-20.1798
-19.9295
-20.1612
-19.994
-19.8458
-19.8903
-19.8019
-20.1204
-19.7733
-19.7656
-19.7509
-19.9397
-19.5674
-19.8545
-19.4498
-19.3106
-19.174
-19.5554
-19.6019
-19.7403
-19.2296
-19.4164
-19.3298
-19.7043
-19.1391
-19.3247
-19.1456
-19.4473
-19.3518
-19.503
-19.1975
-19.1814
-19.3523
-18.838
-18.9974
-18.7856
-18.5936
-18.8543
-19.0073
-18.6532
-19.1462
-19.1916
-18.7437
-18.9404
-19.0934
-19.0694
-18.5902
-19.148
-18.7363
-18.7229
-19.1101
-18.8666
-18.7672
-18.887
-18.7466
-18.6649
-18.8421
-18.8677
-18.6658
-18.462
-18.8333
-18.135
-18.3122
-18.6417
-18.4058
-18.3024
-18.3787
-17.9556
-18.3031
-18.1639
-18.3194
-18.2086
-18.0709
-18.1335
-17.9813
-17.95
-18.0937
-17.6666
-17.4541
-18.083
-18.4738
-17.5705
-17.8329
-17.6923
-17.9242
-17.8053
-17.9899
-17.7706
-17.8409
-17.3539
-17.2289
-17.5662
-17.3826
-17.5424
-17.2822
-17.1614
-17.1264
-17.3677
-16.8834
-16.8238
-16.9001
-17.2189
-17.0463
-17.2507
-17.1655
-17.0908
-16.8557
-16.943
-17.2808
-17.2061
-17.2267
-17.3154
-17.4494
-17.6936
-17.4642
-17.4029
-17.1569
-17.1403
-17.4268
-17.2404
-16.9718
-17.7048
-17.557
-17.4977
-17.322
-17.6442
-17.7495
-17.28
-17.0512
-17.3286
-17.1697
-17.7846
-17.4912
-17.1313
-17.169
-17.1685
-16.8784
-17.3266
-16.8896
-16.8569
-17.2156
-17.0899
-17.0557
-17.2669
-16.9899
-17.2917
-17.301
-17.0701
-16.9703
-16.7251
-16.9014
-16.7717
-16.9678
-16.7097
-16.8262
-16.7787
-16.7894
-16.8751
-16.7527
-16.8964
-16.7379
-16.4246
-16.8085
-16.8025
-16.7484
-16.7785
-16.826
-16.5641
-16.6519
-16.994
-16.8707
-16.7964
-16.972
-16.7222
-17.1325
-17.0357
-16.9538
-17.3761
-17.1348
-17.3504
-16.9645
-17.2153
-17.2765
-16.9254
-17.1344
-17.5298
-17.2634
-16.9836
-17.0459
-17.1894
-17.1655
-17.2743
-17.3543
-17.1897
-17.1748
-17.2972
-17.25
-17.5539
-17.555
-17.5374
-17.6262
-17.7448
-17.7071
-17.9227
-17.8042
-17.7426
-17.535
-17.4856
-17.8359
-17.8733
-17.8343
-17.7975
-17.9857
-18.0269
-18.0478
-17.955
-18.0289
-18.1159
-18.1607
-18.1096
-18.4518
-18.573
-18.1931
-18.6195
-18.3741
-18.5425
-18.6657
-18.2948
-18.4169
-18.3795
-18.4207
-18.4121
-18.9337
-19.1629
-18.7756
-19.4395
-19.3611
-19.5367
-19.1867
-19.2411
-19.3327
-19.2322
-19.8041
-19.4913
-19.4913
-21.146
-20.5178
-19.9949
-20.3439
-20.0802
-20.3009
-19.2908
-19.8019
-19.742
-19.6479
-19.2077
-19.4326
-19.251
-19.7021
-19.3195
-19.0687
-19.2513
-19.2857
-19.4413
-19.1456
-19.3629
-19.4039
-19.2378
-19.3139
-19.4784
-18.8917
-19.5886
-19.1445
-19.176
-18.9027
-19.272
-19.1364
-19.0123
-19.2657
-19.2453
-19.3604
-19.3812
-19.3965
-19.1701
-19.0477
-18.8565
-19.0685
-19.2194
-19.3284
-19.0401
-19.1899
-19.212
-18.9706
-18.7587
-18.8706
-18.7354
-19.2085
-19.0678
-19.2352
-19.0647
-19.3567
-19.4428
-19.3811
-19.3872
-19.3109
-19.3587
-19.1143
-18.7208
-19.1991
-19.1308
-19.3158
-19.3107
-18.9983
-19.0368
-19.3077
-19.4825
-19.2593
-18.9066
-18.6736
-19.0141
-18.8419
-18.8956
-18.7672
-18.5689
-18.3505
-18.3092
-18.4949
-18.6124
-17.8509
-18.433
-18.288
-18.3726
-18.2902
-18.6591
-17.794
-18.2568
-18.2405
-18.3083
-17.9733
-17.822
-17.7194
-17.64
-17.9039
-17.99
-17.9839
-17.9181
-17.9023
-18.0971
-17.9151
-17.9835
-17.8614
-18.1388
-17.5225
-17.8883
-18.3259
-18.5036
-17.9437
-17.9629
-18.2921
-17.9041
-17.9767
-18.2402
-17.7282
-17.7867
-17.8651
-18.2143
-18.288
-17.8785
-17.6185
-17.9289
-17.7778
-17.7746
-17.8043
-17.7066
-17.5096
-17.4404
-17.7054
-17.7418
-17.8816
-17.51
-17.6192
-18.0795
-17.93
-17.5154
-17.6811
-17.5708
-17.7095
-17.547
-18.026
-17.7306
-17.7434
-17.9337
-18.1028
-17.7247
-17.6826
-17.6132
-17.8019
-17.5742
-17.7055
-17.738
-17.784
-17.6487
-17.9951
-18.0745
-18.333
-18.4103
-18.3013
-18.4769
-18.5733
-18.3202
-18.4267
-18.2585
-18.0098
-17.9011
-17.5433
-18.0601
-17.8064
-17.5103
-17.8503
-17.9742
-17.9883
-18.0664
-18.2451
-18.1283
-18.0985
-18.5352
-18.7791
-18.6857
-18.7128
-18.4615
-18.5543
-17.6758
-18.0555
-17.9534
-17.4204
-17.3634
-16.9128
-17.0358
-16.9371
-16.9493
-16.6642
-17.0912
-16.5637
-16.8806
-16.9341
-16.6749
-16.8667
-16.6911
-16.8263
-16.457
-16.6486
-16.4947
-16.7807
-16.8259
-16.9112
-16.8454
-16.9939
-17.0729
-17.2373
-16.931
-16.8976
-17.1633
-16.9424
-16.9857
-17.087
-16.9387
-17.1587
-17.2919
-17.2704
-17.7444
-16.9289
-17.6413
-17.5356
-17.4954
-17.5333
-17.5125
-17.3664
-17.5696
-17.8443
-18.0125
-17.7611
-17.9788
-17.6993
-18.143
-18.0883
-18.2082
-18.1267
-17.934
-18.3388
-18.439
-18.3202
-17.9892
-18.342
-18.203
-18.279
-18.5088
-18.1178
-18.0923
-18.1775
-18.5108
-18.3506
-18.7491
-18.3658
-18.946
-18.263
-18.6341
-18.62
-18.3874
-18.4172
-18.4558
-18.2399
-18.3103
-18.249
-18.4104
-18.2033
-18.8878
-18.619
-18.4669
-18.9083
-18.7259
-18.5693
-18.9175
-18.8921
-18.9161
-19.0366
-18.6957
-19.2
-18.9389
-19.1808
-19.1569
-19.0273
-19.1349
-19.1653
-19.0434
-19.4021
-19.4002
-19.5102
-19.3898
-19.3591
-19.2265
-19.3841
-18.9882
-18.753
-18.8684
-19.0718
-19.2339
-19.0592
-18.7611
-18.8217
-18.953
-18.8939
-19.1264
-18.7563
-18.9078
-18.8617
-18.8393
-19.2577
-19.3475
-19.3701
-19.2189
-19.5895
-19.4754
-19.4262
-19.4547
-19.4629
-19.003
-19.1256
-19.3305
-19.1131
-19.3345
-19.1415
-18.8631
-19.5218
-19.3608
-19.2862
-19.2551
-19.0226
-19.205
-19.0806
-19.5343
-19.1068
-19.1023
-18.6884
-18.6022
-18.8646
-18.6867
-18.2981
-18.596
-18.8176
-18.7089
-18.5492
-18.7124
-18.7264
-18.6952
-18.9614
-18.4629
-18.602
-18.2331
-18.4381
-18.4511
-18.5079
-18.417
-18.3245
-18.338
-18.1136
-18.2831
-18.1595
-18.3347
-18.1729
-18.0003
-18.0299
-17.877
-17.8966
-18.0473
-18.3481
-17.7795
-17.6433
-17.6474
-17.7078
-17.4789
-17.5501
-17.5754
-17.5541
-17.5977
-17.3769
-17.6365
-17.4665
-17.214
-17.4866
-17.3654
-17.1319
-17.1748
-17.8838
-17.0725
-17.3654
-16.9425
-17.1675
-17.0222
-16.948
-16.6747
-16.6621
-16.9479
-16.4431
-16.2588
-16.5896
-16.4095
-16.6031
-16.7959
-16.5888
-16.7675
-16.3874
-16.6041
-16.6065
-16.635
-16.637
-16.8311
-16.8124
-16.8218
-17.0121
-17.1611
-17.2979
-16.985
-17.1201
-16.94
-16.7745
-16.9641
-16.6442
-16.8361
-16.9392
-16.5259
-16.4819
-16.6036
-16.7782
-16.9663
-17.1223
-17.1605
-16.8269
-18.1989
-15.9092
-15.7362
-16.0683
-15.8123
-15.6792
-15.4405
-15.6863
-15.2867
-15.1919
-15.5339
-15.3121
-15.3064
-15.106
-15.3589
-15.3977
-15.6602
-15.7982
-15.8392
-15.9103
-15.7052
-15.6933
-15.2918
-15.7475
-15.8162
-15.6486
-15.8508
-15.3693
-15.2207
-15.3252
-15.2915
-15.3678
-15.4408
-15.2496
-15.3923
-15.479
-15.731
-16.0255
-15.615
-15.5324
-15.7482
-15.6827
-16.0259
-15.8643
-15.7938
-15.7886
-15.5533
-16.1357
-16.0157
-15.8007
-16.054
-15.6812
-16.0488
-15.6449
-15.7609
-15.8492
-15.5911
-15.6735
-16.1241
-16.0329
-15.6202
-15.6951
-16.0676
-15.8753
-16.0322
-16.0307
-15.8796
-15.6383
-16.1733
-16.2867
-16.4401
-16.5856
-16.6525
-16.3716
-16.753
-16.8373
-16.7601
-16.7065
-16.8853
-16.717
-16.9683
-17.5002
-17.0488
-17.467
-17.3394
-17.5934
-17.3876
-17.728
-17.4689
-17.5133
-17.688
-17.8015
-17.6304
-17.6829
-17.6711
-17.5676
-17.6245
-17.9756
-17.8583
-17.8424
-17.9009
-17.6973
-17.71
-17.3336
-17.6911
-17.3109
-17.376
-17.4514
-17.8522
-17.5337
-17.5658
-17.7686
-17.7874
-17.8722
-17.7096
-18.0731
-18.2649
-17.645
-18.011
-17.838
-17.7705
-17.8664
-17.9243
-18.2074
-18.319
-18.5461
-18.599
-18.3882
-18.4507
-18.5139
-18.6323
-18.4523
-18.4799
-18.1418
-18.4441
-18.2444
-18.6685
-18.4589
-18.4848
-18.2649
-18.4163
-18.6047
-18.4568
-18.6392
-18.828
-18.4948
-19.2448
-18.6894
-19.1199
-18.7259
-18.8146
-18.643
-18.9243
-18.7832
-18.8987
-19.2493
-18.7197
-19.0153
-18.8471
-18.5943
-18.3143
-18.0563
-18.1282
-17.9433
-18.1658
-17.9872
-17.3915
-17.6666
-17.6892
-17.8703
-18.1009
-17.8447
-17.7319
-17.9348
-17.6629
-17.6707
-17.9581
-17.8145
-17.6332
-17.1171
-17.2603
-17.2745
-17.0132
-16.8164
-16.7665
-16.8453
-17.3469
-17.1863
-17.1527
-17.2229
-17.2407
-17.0302
-16.875
-16.6224
-16.9968
-16.5149
-16.6036
-16.3894
-16.5952
-16.5916
-16.5066
-16.7189
-16.5154
-16.502
-16.0796
-16.4564
-15.6562
-15.7456
-15.873
-16.2168
-16.0291
-15.6517
-15.7587
-15.6123
-15.6784
-15.7689
-15.848
-15.6135
-15.7872
-15.5177
-15.402
-15.5692
-15.3342
-15.1338
-15.265
-15.2792
-15.666
-15.6139
-15.6645
-15.3433
-15.3642
-15.3785
-15.4354
-15.3698
-15.3916
-15.4408
-15.5525
-15.6624
-15.4473
-15.1757
-15.0262
-15.0594
-15.4689
-15.4549
-15.3094
-15.2909
-15.3033
-15.6716
-15.3189
-15.6422
-15.2648
-15.4175
-15.0881
-15.1501
-15.2543
-15.0956
-15.5224
-15.6005
-15.5988
-15.8887
-15.745
-16.1313
-15.9902
-16.0815
-15.4608
-15.7065
-15.5845
-15.7604
-15.3114
-15.0276
-15.6198
-15.4128
-15.5088
-15.1526
-15.3055
-15.3713
-15.4978
-15.3019
-15.435
-15.6023
-15.4178
-15.171
-15.2944
-15.6053
-15.8549
-15.7707
-15.6599
-15.4136
-15.6766
-15.1973
-15.4145
-15.5486
-15.0323
-15.1944
-15.2709
-15.4252
-15.7344
-15.3491
-15.4407
-15.5135
-15.7575
-15.6738
-15.796
-15.7299
-15.7157
-15.8515
-15.9371
-15.3369
-16.0725
-15.7877
-15.942
-15.9993
-15.8343
-15.8014
-15.9545
-16.0211
-16.1932
-15.9652
-16.0426
-16.146
-16.4787
-16.6305
-16.5698
-16.4331
-16.522
-16.5769
-16.7373
-17.0057
-16.9726
-17.0727
-17.3199
-17.6701
-17.488
-17.1116
-17.1928
-17.2473
-17.1433
-17.2347
-17.2649
-17.1253
-17.3126
-17.2218
-17.2229
-17.3597
-17.4697
-17.2162
-17.4429
-17.5582
-17.4658
-17.5428
-17.5548
-17.9061
-18.0218
-17.9325
-17.9136
-18.2932
-18.2898
-18.0279
-18.2535
-18.2872
-18.4187
-18.6054
-18.3524
-18.1041
-18.156
-18.1392
-18.3386
-18.6244
-18.5522
-18.2951
-18.1284
-18.0819
-18.5677
-18.8107
-18.47
-18.6513
-18.6318
-18.3981
-18.6248
-18.329
-18.545
-18.1031
-17.9432
-18.1594
-18.1276
-17.9117
-17.9082
-17.6297
-18.056
-17.7393
-17.9319
-17.7854
-17.9392
-17.9504
-18.0332
-18.3588
-18.3627
-18.4469
-18.1222
-17.8085
-17.8612
-18.0464
-17.6867
-17.6346
-17.9499
-17.794
-17.7148
-17.5765
-17.7375
-17.4787
-17.3838
-17.61
-17.6795
-17.5987
-17.6774
-17.5288
-17.4256
-17.7063
-17.3867
-18.0971
-17.6055
-17.528
-17.7911
-17.3206
-17.2621
-17.0929
-17.1333
-17
-17.0035
-16.994
-16.8459
-17.1042
-18.6353
-20.4187
-17.0897
-17.692
-18.088
-17.9195
-18.0839
-18.341
-18.2527
-18.0388
-17.8116
-17.7469
-17.7829
-17.5925
-17.6408
-17.3689
-17.4933
-17.1782
-17.8253
-17.5637
-17.5253
-17.2059
-17.3008
-17.3199
-17.6567
-17.7566
-17.7287
-17.5229
-17.2402
-17.3759
-17.6168
-17.3983
-17.3653
-17.1646
-17.0082
-17.4339
-17.3844
-16.9557
-17.0693
-16.9133
-16.9561
-17.1569
-17.2076
-16.8712
-17.2704
-17.5999
-17.3436
-17.326
-17.1141
-17.1375
-16.7954
-17.3371
-17.3988
-17.2395
-17.3437
-16.997
-17.1823
-17.2651
-16.7898
-16.9169
-17.0387
-17.3027
-17.4488
-17.6249
-17.603
-17.4628
-17.518
-17.4283
-17.5335
-17.8349
-17.447
-17.0836
-16.7926
-17.0263
-16.8876
-16.9675
-16.9052
-16.8932
-16.8391
-17.0912
-17.1828
-16.9856
-16.8878
-16.88
-16.7882
-16.7643
-17.132
-16.919
-17.0807
-16.8086
-17.0705
-17.3265
-17.2237
-17.09
-17.0168
-17.1154
-16.8394
-17.0997
-17.0401
-17.1849
-17.0353
-16.8571
-17.3177
-17.6474
-17.3045
-17.4792
-17.0301
-17.0937
-17.3748
-17.1841
-17.2522
-17.1289
-17.2715
-17.4926
-17.5386
-17.3908
-17.7192
-17.363
-17.4852
-17.5816
-18.1217
-17.9673
-18.253
-18.163
-18.1902
-18.2478
-17.796
-18.1895
-18.04
-18.1559
-18.2346
-18.2848
-18.5179
-18.338
-17.8487
-18.6997
-18.5342
-18.376
-18.3413
-18.4119
-18.403
-18.7007
-18.7711
-19.0253
-19.24
-19.2477
-18.8628
-18.8636
-19.0889
-18.9505
-19.1096
-18.7149
-19.027
-19.0952
-18.9458
-19.3013
-18.9116
-19.454
-19.29
-19.4424
-18.9626
-19.0675
-18.8794
-18.8933
-18.915
-18.8398
-18.6897
-18.4803
-18.5242
-18.5561
-18.6512
-18.9787
-18.9451
-18.7413
-18.9438
-18.8693
-18.9911
-19.0824
-19.3281
-18.99
-19.0323
-18.9542
-18.7803
-19.3071
-19.1362
-19.0903
-19.286
-19.7227
-19.6801
-19.1926
-19.4732
-19.5142
-19.1531
-19.3703
-19.3476
-19.4695
-19.7746
-19.5304
-19.8031
-19.8385
-19.6175
-19.7705
-19.2744
-19.5507
-19.4062
-19.3085
-19.2961
-19.2336
-19.2746
-19.6329
-19.8373
-19.6404
-19.7181
-19.4647
-19.663
-19.4189
-19.5856
-19.7893
-19.2796
-19.0305
-18.9586
-18.7466
-18.9206
-19.1354
-19.2752
-19.1886
-19.3891
-19.0628
-19.0608
-19.0147
-18.7392
-18.9141
-18.6897
-18.5762
-18.5214
-18.5351
-18.3703
-18.4202
-18.0492
-18.03
-17.9368
-18.2134
-18.1728
-17.9886
-18.1479
-17.7623
-17.6487
-17.6484
-17.9264
-17.9347
-17.8413
-17.5887
-17.8321
-18.2203
-18.7373
-18.7998
-18.6364
-18.553
-18.284
-18.0742
-18.0727
-18.1179
-17.883
-17.6636
-17.6336
-17.7972
-17.8229
-18.0364
-17.6897
-17.6178
-17.7815
-17.7786
-17.7046
-17.4285
-17.4361
-17.5604
-17.5536
-17.6859
-17.7304
-17.2749
-17.6129
-17.6148
-17.6153
-17.5926
-17.5843
-17.6135
-17.8382
-17.6097
-17.7547
-17.9051
-17.3745
-17.3972
-17.3575
-17.3571
-17.1433
-17.0231
-17.0178
-17.0194
-17.0091
-17.0981
-17.2239
-17.1835
-17.0547
-16.6661
-17.0597
-16.8793
-16.4706
-16.8452
-16.5916
-16.6535
-16.3217
-17.0818
-17.0323
-17.1715
-16.8697
-17.2323
-17.2002
-16.9475
-17.1818
-16.9267
-17.2625
-17.3351
-17.3432
-17.4535
-17.4011
-17.2473
-17.1632
-17.0052
-16.9633
-16.8558
-16.8736
-16.7536
-16.8954
-16.8907
-16.6892
-16.7176
-16.8463
-16.8631
-17.0139
-16.8522
-16.9648
-16.524
-16.6137
-16.6025
-16.5444
-16.619
-16.4058
-16.4239
-16.478
-17.0396
-17.0247
-16.7763
-16.9104
-16.822
-17.0489
-17.2536
-17.2418
-17.0428
-17.1311
-17.7614
-17.1547
-17.2681
-17.2795
-17.2628
-16.9967
-16.9399
-16.8122
-16.7709
-16.6558
-16.841
-16.7235
-16.7923
-17.2651
-17.1283
-16.9147
-17.0173
-17.1265
-17.2632
-17.3971
-17.4051
-17.4752
-17.323
-17.4582
-17.3686
-17.256
-17.3759
-17.7287
-17.4145
-17.6498
-17.9593
-18.0031
-18.0378
-18.0153
-18.0355
-18.3639
-18.2024
-18.3772
-18.3319
-18.2805
-18.6527
-19.3653
-19.1872
-19.3814
-19.3466
-19.1513
-19.3347
-19.3633
-19.0693
-19.0054
-18.9334
-19.4454
-19.2312
-19.681
-19.6516
-19.7412
-19.5883
-19.7992
-19.8324
-19.8228
-19.5585
-20.0338
-20.1096
-20.3535
-20.27
-20.6481
-20.4588
-20.5463
-20.5152
-20.7441
-20.8259
-20.7832
-21.075
-22.3774
-20.3319
-19.8979
-19.6166
-19.7716
-19.457
-19.4481
-19.3455
-19.3679
-19.4318
-19.6094
-18.9145
-19.4709
-19.3475
-18.9683
-18.539
-18.749
-18.7647
-18.1782
-18.3357
-18.3857
-18.3789
-18.1418
-18.3713
-18.2433
-18.1904
-17.8588
-17.8773
-18.0786
-18.0728
-17.9245
-18.0077
-18.1579
-18.2751
-18.4273
-18.2684
-18.1048
-18.1061
-18.0963
-18.2192
-18.5439
-18.219
-18.5226
-18.2382
-18.6086
-18.4728
-18.7325
-18.615
-18.6563
-18.634
-18.5343
-18.4952
-18.4543
-18.0226
-18.2221
-18.041
-17.8137
-17.8957
-17.9509
-17.7509
-17.5789
-17.7798
-17.8817
-17.7631
-17.696
-17.8105
-17.9239
-17.5622
-18.0316
-17.858
-17.6327
-17.4126
-17.6388
-17.4272
-17.6569
-17.6602
-17.5893
-17.6796
-17.7301
-17.6143
-17.6378
-17.3855
-17.3917
-17.6036
-17.5761
-17.8707
-17.4155
-17.5391
-17.3103
-16.9114
-17.0958
-16.8853
-16.9102
-16.9878
-16.6052
-16.5723
-16.4263
-16.4754
-16.1359
-16.0935
-16.0848
-16.1718
-16.0789
-16.2897
-16.1478
-16.2116
-16.0751
-16.3584
-16.3072
-16.2298
-16.0718
-16.2391
-16.0896
-16.4261
-16.0312
-15.8567
-16.1406
-16.072
-16.049
-16.1198
-16.068
-15.9697
-15.7404
-15.8835
-15.7973
-16.1476
-15.751
-15.9963
-15.9152
-15.9618
-15.9817
-15.7999
-15.9904
-15.4456
-15.8967
-15.9649
-15.6649
-15.5815
-15.6095
-15.6256
-15.7591
-15.5748
-15.7564
-15.4713
-15.5439
-15.7754
-15.7721
-15.7276
-15.7454
-15.4471
-15.6178
-15.6624
-15.677
-15.4671
-15.6151
-15.421
-15.4015
-15.3255
-15.8851
-15.7453
-15.6847
-15.5679
-15.6616
-15.7037
-15.7329
-15.8459
-15.3651
-15.9117
-16.0052
-15.737
-15.8052
-15.9981
-15.7362
-15.8433
-15.8064
-15.8778
-16.034
-15.9592
-15.9275
-15.7264
-15.8894
-16.0781
-16.1659
-15.8785
-15.7373
-15.9105
-16.079
-15.8289
-15.6079
-15.7564
-16.0267
-15.8655
-16.2429
-15.8961
-16.1263
-16.0775
-16.3964
-16.1107
-16.197
-16.1476
-15.9908
-16.1844
-15.968
-16.0512
-16.2253
-16.6272
-16.3343
-16.4032
-16.8474
-16.6126
-16.8597
-16.8861
-17.0544
-16.8867
-16.9426
-17.1553
-17.026
-16.9657
-17.3323
-17.2658
-16.9895
-17.3446
-17.0669
-17.1571
-17.2016
-16.6881
-17.3195
-16.9787
-17.3039
-16.8565
-17.1689
-17.4748
-17.3141
-17.4728
-17.6994
-17.2688
-17.2835
-17.5636
-17.4014
-17.3226
-17.5036
-17.3707
-17.6146
-17.574
-17.4453
-17.3515
-17.2552
-17.6479
-17.2374
-17.5884
-17.7338
-17.8058
-17.9608
-18.4375
-18.0783
-17.8996
-18.2571
-17.9014
-18.2695
-18.3367
-18.1899
-17.9201
-17.7629
-18.0522
-17.9059
-17.9136
-17.7052
-18.1155
-17.9791
-17.8375
-18.1331
-18.2339
-18.5422
-18.5892
-18.9009
-19.0903
-19.2301
-18.9496
-18.3977
-18.6177
-18.8903
-18.8141
-18.9402
-19.1134
-18.6284
-18.9331
-18.9923
-18.9312
-19.2815
-19.0284
-18.9261
-19.3913
-19.3026
-19.3872
-19.5527
-19.5244
-19.4558
-19.2533
-19.5719
-19.4994
-19.6854
-19.5758
-19.6113
-19.6208
-19.6953
-19.5189
-19.4537
-19.7905
-19.8209
-19.7356
-19.8606
-19.3366
-19.5641
-19.2236
-19.2848
-19.2503
-18.7006
-18.9132
-18.5648
-18.6297
-18.704
-18.5984
-18.2365
-18.4849
-18.3128
-18.3784
-18.4234
-18.1637
-18.0546
-17.9617
-18.0934
-17.8551
-18.1463
-18.0335
-17.8046
-18.0188
-17.8488
-18.2463
-18.0387
-18.0058
-17.9176
-17.8111
-17.6965
-17.8648
-17.6595
-17.101
-17.3834
-17.2987
-17.3051
-17.4121
-17.2799
-17.3493
-16.9871
-16.9752
-16.8732
-17.1667
-16.9934
-16.7652
-16.6844
-16.7119
-17.2044
-16.9582
-17.1706
-16.6393
-16.7805
-16.6389
-16.5161
-16.9511
-16.2015
-16.5223
-16.1919
-16.44
-16.6137
-16.0741
-16.2797
-16.2412
-16.3028
-16.4885
-16.4316
-16.6015
-16.5978
-16.2687
-17.0308
-16.6952
-16.6772
-16.824
-16.5083
-16.682
-16.5978
-16.4672
-16.5455
-16.2365
-16.3832
-16.3319
-16.6347
-16.2553
-16.3018
-15.8751
-15.9625
-16.1139
-16.1978
-16.3112
-15.9035
-15.9183
-16.2101
-15.997
-16.1664
-16.0563
-16.1757
-16.1216
-16.398
-16.4824
-16.2586
-16.6352
-16.365
-16.4868
-16.3746
-16.6116
-16.4698
-16.3536
-16.4826
-16.5676
-16.9196
-16.6725
-16.6836
-16.5306
-16.7072
-16.7988
-16.7591
-16.6386
-16.8543
-16.4986
-18.7856
-18.1017
-17.8009
-17.6067
-17.7687
-17.7373
-17.6624
-17.8117
-17.6186
-17.5414
-17.6802
-17.596
-17.5962
-17.5983
-17.4925
-17.2114
-17.4464
-17.5774
-17.6236
-17.8367
-17.7988
-17.7339
-17.753
-17.9591
-17.7466
-17.8669
-17.6849
-17.7214
-17.9881
-18.4164
-17.7748
-18.2652
-18.1776
-18.3455
-17.8
-18.2973
-18.4177
-18.1822
-18.6726
-18.8888
-18.9216
-18.839
-18.8869
-19.2222
-19.1109
-19.1113
-19.6133
-19.2614
-18.9926
-19.639
-19.3483
-19.4356
-19.5573
-19.8263
-19.6322
-19.7872
-19.7052
-20.2007
-19.9668
-19.8077
-20.1422
-20.0704
-20.1744
-20.2882
-20.2451
-20.1522
-19.9245
-20.1349
-20.3521
-19.8299
-20.2967
-20.0455
-20.4567
-19.9967
-20.6348
-20.7694
-20.4337
-20.651
-20.6374
-20.8501
-21.2351
-21.0493
-20.8118
-20.9263
-21.2065
-20.9772
-21.2091
-21.0093
-21.2126
-21.164
-21.5503
-20.882
-21.1319
-21.2641
-21.244
-21.1581
-21.5845
-21.9608
-21.6546
-21.6502
-21.8655
-22.1579
-22.1008
-21.7732
-21.8891
-21.7925
-21.947
-21.5584
-22.1168
-22.0868
-21.9258
-22.0568
-22.3938
-22.3913
-22.2233
-22.1831
-22.1498
-22.5148
-22.2845
-22.1485
-22.124
-21.9587
-21.9968
-21.6846
-22.0733
-21.7917
-21.6802
-21.5791
-21.4504
-21.5882
-21.5983
-21.9863
-21.7616
-21.6815
-22.192
-21.9615
-21.6112
-21.8356
-21.7521
-21.4729
-21.7763
-21.8369
-21.7088
-21.6503
-21.358
-21.5235
-21.3229
-21.601
-21.2303
-20.9926
-21.2488
-21.3853
-21.5714
-21.3364
-21.6001
-21.2147
-21.0702
-21.563
-21.3835
-21.3143
-21.3686
-21.114
-20.9438
-21.5047
-21.39
-21.0394
-21.2107
-20.8781
-21.3584
-21.1949
-20.7854
-20.7526
-20.5301
-20.7969
-20.8581
-20.6498
-20.4686
-20.2043
-20.1993
-20.0486
-19.9433
-19.5346
-19.3861
-19.331
-19.4391
-19.2891
-19.6834
-19.4669
-19.3927
-19.336
-19.444
-19.2027
-19.421
-19.111
-18.7718
-18.6627
-19.4569
-19.348
-19.2413
-19.0815
-18.8744
-18.9906
-19.0431
-19.4236
-18.5603
-18.4204
-18.5224
-18.4995
-18.8109
-18.7446
-18.7595
-18.4633
-18.8729
-18.2943
-18.755
-18.5989
-18.2427
-17.8939
-18.0946
-18.2305
-18.4673
-18.2804
-18.3273
-18.2225
-18.2586
-18.4426
-18.2853
-18.4384
-18.2334
-18.2894
-18.4917
-18.3177
-18.3443
-18.0401
-17.991
-18.4527
-18.281
-18.416
-18.0197
-17.6589
-18.113
-18.133
-18.2664
-18.0895
-18.3283
-17.9933
-18.25
-18.0798
-18.1907
-17.9282
-17.6177
-17.648
-17.9061
-17.9689
-18.155
-17.4042
-18.0216
-17.6323
-18.013
-18.0216
-17.8818
-17.7906
-17.798
-17.8122
-17.8583
-17.947
-17.7075
-17.5796
-17.807
-18.0119
-17.9537
-17.7169
-17.5458
-17.6565
-17.5084
-17.7124
-17.8286
-17.7147
-17.7938
-17.8085
-17.8212
-17.6592
-17.8839
-17.7392
-17.3018
-17.43
-17.6576
-17.6522
-17.8671
-17.892
-17.5596
-17.4465
-17.8638
-17.493
-17.4778
-17.8984
-17.7641
-17.7001
-17.8838
-18.3167
-18.0044
-18.2792
-17.9494
-18.0745
-18.0437
-18.0077
-17.9511
-18.1664
-18.0562
-18.4351
-18.3905
-18.4137
-18.4221
-18.3109
-18.3053
-18.7496
-18.708
-18.2338
-18.7823
-18.6394
-18.8757
-18.5704
-18.6812
-19.2036
-18.8297
-19.4873
-19.6759
-19.3399
-19.3968
-19.0533
-19.208
-19.2785
-19.4327
-19.4715
-19.4311
-19.6209
-19.4658
-19.5942
-19.4202
-19.1563
-19.4239
-19.192
-19.2279
-19.4853
-19.5099
-19.4724
-19.6514
-19.3333
-19.6952
-19.7818
-19.7666
-19.6792
-19.3161
-19.9184
-20.0255
-19.9844
-20.0005
-19.9432
-19.9719
-19.8879
-20.1505
-20.201
-20.1173
-20.0897
-20.3461
-20.487
-20.1563
-20.3834
-20.577
-20.5612
-20.9383
-20.7486
-20.8807
-20.8856
-20.6532
-20.5774
-21.0405
-21.0641
-21.0953
-20.8603
-21.074
-21.2675
-21.6333
-21.2547
-21.1905
-21.1852
-21.0053
-21.3682
-21.6463
-21.3224
-21.2245
-21.1118
-21.3773
-21.4553
-21.4253
-21.4852
-21.207
-21.0594
-21.4614
-21.4791
-21.2388
-21.7275
-21.513
-21.5118
-21.49
-21.5621
-21.4016
-21.2982
-21.4534
-21.181
-21.483
-21.0596
-21.4859
-21.6122
-21.4848
-21.3071
-21.3089
-21.3884
-20.8425
-20.9968
-21.2527
-21.4246
-21.5216
-21.5189
-21.2182
-21.5616
-21.3074
-21.5203
-21.0678
-21.1851
-20.7882
-20.7961
-22.4073
-18.3574
-17.9004
-17.9101
-18.2921
-17.8258
-17.7075
-17.4776
-17.3363
-17.0957
-17.2412
-17.5379
-17.4514
-16.7672
-17.1396
-17.0416
-17.1256
-17.0186
-17
-16.8313
-16.6316
-16.7526
-16.6668
-16.9176
-16.9277
-16.8399
-16.949
-16.8474
-17.1001
-16.7495
-16.9211
-16.8221
-16.624
-16.8046
-17.3754
-16.7067
-16.5617
-16.7389
-16.5485
-16.6292
-16.786
-16.3245
-16.3121
-16.2737
-16.5908
-16.5061
-16.5346
-16.4924
-16.6464
-16.4088
-16.4485
-16.1654
-16.4167
-15.756
-16.1435
-16.0413
-16.424
-16.2571
-16.1753
-16.3722
-15.8538
-16.0043
-15.8314
-15.9927
-15.7066
-15.7833
-15.4142
-15.883
-16.0894
-15.6247
-15.5062
-16.1934
-15.7284
-15.7951
-15.37
-15.7974
-15.3831
-15.4973
-15.6188
-15.2621
-15.2616
-15.577
-15.2132
-15.2411
-15.6691
-15.3597
-15.1842
-15.5241
-15.5224
-15.5034
-15.9408
-15.8259
-15.6472
-15.7581
-15.6938
-15.9346
-15.7977
-15.8793
-15.4587
-15.2557
-15.7569
-15.3156
-15.6879
-15.2359
-15.1035
-15.3483
-15.4186
-15.1784
-14.8591
-15.1542
-15.0454
-14.9467
-15.2362
-15.2497
-15.225
-15.0663
-15.4245
-15.1548
-15.4041
-15.1725
-15.12
-14.8525
-15.3078
-15.5282
-15.5447
-15.2216
-15.4342
-15.4187
-15.4575
-15.2481
-15.136
-15.2062
-15.0744
-14.9904
-14.8916
-15.1552
-15.5659
-15.0764
-15.4516
-15.6071
-15.2539
-15.3998
-15.3128
-15.4868
-15.2143
-15.4658
-15.5462
-15.4361
-15.4933
-15.4236
-15.4561
-15.6468
-15.5716
-15.6415
-15.5323
-15.6207
-15.6514
-15.5563
-15.7883
-15.5501
-16.0888
-15.8375
-15.596
-16.0842
-16.1764
-16.1093
-16.0738
-16.1358
-16.2206
-16.437
-16.341
-16.3685
-16.5904
-16.534
-16.5565
-16.4776
-16.6306
-16.2627
-16.2032
-16.633
-16.7747
-16.9582
-16.5674
-16.8294
-16.5353
-16.4821
-16.3385
-16.3601
-16.1691
-16.3914
-16.4259
-16.4675
-16.9871
-16.8066
-16.9161
-16.953
-17.0192
-17.0294
-17.2951
-17.051
-16.8578
-17.0279
-17.2777
-16.913
-17.2779
-17.5968
-17.692
-17.4129
-17.6286
-17.3048
-17.6272
-17.6701
-17.6954
-17.4465
-17.8858
-17.7851
-17.3275
-17.2403
-17.412
-17.7199
-17.5305
-17.8517
-17.4097
-17.6118
-17.8403
-18.1998
-18.1002
-17.5892
-17.628
-17.7115
-18.0197
-17.4961
-17.8121
-17.5314
-17.6114
-17.6511
-17.5718
-17.4394
-17.2572
-17.4185
-17.2963
-17.6502
-17.1134
-17.1162
-16.9124
-16.9201
-16.7195
-17.3578
-17.2943
-17.3533
-17.4746
-17.5865
-17.2785
-17.2441
-17.1104
-16.6267
-16.5729
-16.7829
-16.6408
-16.5557
-16.305
-16.5773
-16.1045
-16.2794
-16.1311
-15.8987
-15.7438
-16.1081
-15.9909
-16.1991
-16.3548
-16.6523
-16.3765
-16.3025
-16.4084
-16.4844
-16.1971
-15.7998
-15.7991
-15.8972
-15.8918
-16.1598
-15.9707
-15.9821
-15.8337
-16.2943
-15.9762
-15.9047
-15.8122
-15.6564
-15.767
-16.0057
-16.0287
-15.9782
-15.6442
-16.0593
-15.6882
-15.6751
-15.6958
-15.6436
-15.6881
-15.7737
-16.1994
-16.0596
-16.0738
-16.3265
-15.9253
-15.7525
-16.1284
-15.9832
-16.0119
-15.5014
-15.7188
-15.6767
-15.6965
-15.7683
-15.7769
-15.5586
-15.9065
-15.5122
-15.7174
-15.5631
-15.3539
-15.2238
-15.7641
-15.4429
-15.4179
-16.0102
-15.7414
-15.5336
-15.6026
-15.7227
-15.6378
-15.2637
-15.4569
-15.1169
-15.1752
-15.4766
-15.0462
-15.3428
-15.3964
-15.518
-15.3726
-15.4004
-15.1729
-14.8488
-15.3195
-15.1768
-15.1558
-15.4256
-15.5235
-15.4505
-15.3378
-15.284
-15.6199
-15.3303
-15.4933
-15.4459
-15.2273
-15.3929
-15.533
-15.5306
-15.7829
-15.3152
-15.6069
-15.4375
-15.4616
-14.8475
-15.0762
-15.102
-14.9604
-15.325
-15.7356
-15.0421
-15.097
-15.2039
-14.9471
-15.1313
-15.1648
-14.9556
-15.0521
-15.0863
-15.3484
-15.1374
-15.21
-15.2002
-15.2414
-15.3408
-15.3755
-15.14
-15.3673
-14.9783
-15.3963
-15.4986
-15.3182
-15.2811
-15.4192
-15.075
-15.4202
-15.5611
-15.2949
-15.4813
-15.2136
-15.3911
-15.5371
-14.9744
-15.4364
-15.3535
-15.5539
-15.391
-15.566
-15.3634
-15.3645
-15.419
-15.2434
-15.5801
-15.9841
-15.6854
-15.6137
-15.8241
-15.886
-15.7226
-16.0203
-15.9703
-16.3421
-16.1975
-16.6805
-16.5963
-16.6812
-16.8395
-16.596
-16.9102
-18.0275
-16.1648
-16.0663
-16.0147
-15.9314
-16.0381
-15.9396
-16.0543
-15.9102
-16.1006
-16.2621
-16.1637
-16.0183
-16.0717
-15.87
-15.655
-16.0626
-16.028
-16.3089
-16.1741
-16.5248
-16.6262
-16.1334
-16.5431
-16.472
-15.9937
-16.3969
-16.0538
-15.9802
-16.2128
-16.0595
-16.1963
-16.3704
-16.3675
-16.3498
-16.4274
-16.5179
-16.3314
-16.3358
-16.3855
-16.2835
-16.7886
-16.6895
-16.4336
-16.9045
-16.8845
-16.8271
-16.6021
-16.4261
-16.8523
-16.8604
-16.9804
-16.7217
-16.3568
-16.6916
-16.4855
-16.6803
-16.5347
-16.626
-16.6349
-16.5584
-16.5143
-16.6894
-16.718
-16.3077
-16.9472
-16.8653
-16.93
-16.8301
-16.802
-16.8943
-16.7953
-16.929
-16.6608
-16.8031
-16.9558
-16.5927
-16.5743
-16.6029
-16.3074
-16.1997
-15.863
-15.8812
-15.9804
-16.2632
-16.1689
-15.6617
-15.645
-16.1838
-15.9369
-15.9335
-15.8532
-15.8866
-15.1901
-15.6575
-15.4604
-15.3632
-15.5813
-15.1821
-15.1579
-15.2979
-15.3144
-15.2954
-15.1962
-15.1633
-15.2568
-15.4626
-15.1262
-15.1112
-15.263
-15.3115
-15.5289
-15.1932
-15.1341
-15.1613
-15.1338
-15.0913
-15.1091
-15.2748
-15.1822
-15.2657
-15.2208
-15.1521
-14.8579
-15.2269
-15.0546
-14.6535
-15.21
-14.985
-14.9986
-15.1198
-14.9378
-14.9673
-14.8427
-15.0861
-14.825
-14.5465
-14.5937
-14.5681
-14.5451
-14.7832
-14.6599
-14.4802
-14.4822
-14.6068
-14.6594
-14.9944
-14.5647
-14.6814
-14.4696
-14.5183
-14.8197
-14.639
-14.6675
-14.509
-14.3548
-14.5502
-14.5559
-14.238
-14.3689
-14.2908
-14.2929
-14.249
-14.3397
-14.3821
-14.346
-14.4094
-14.2393
-14.4586
-14.5434
-14.5134
-14.1966
-14.1784
-14.6027
-14.2567
-14.5646
-14.363
-14.2576
-14.1974
-14.3212
-14.4679
-14.3501
-14.265
-14.5954
-14.3928
-14.617
-14.1317
-14.4474
-14.2284
-14.2719
-14.3013
-14.1633
-14.0955
-13.8777
-13.8138
-13.6233
-14.1269
-13.9697
-14.0747
-14.0389
-14.0668
-14.4522
-14.4003
-14.673
-14.2693
-14.6435
-15.0042
-14.969
-15.2
-14.6469
-14.9279
-14.8412
-14.9296
-15.0825
-14.9126
-14.8084
-15.2582
-14.7783
-14.848
-14.8952
-14.8867
-14.9455
-14.9301
-14.8617
-15.1149
-14.5441
-14.9347
-15.1143
-15.1017
-14.9546
-15.0785
-15.0885
-15.1191
-14.86
-14.9556
-15.0424
-14.8407
-14.822
-14.9068
-14.6446
-14.9052
-15.294
-15.2977
-15.3698
-15.3077
-15.8324
-15.4691
-15.78
-15.7468
-15.8373
-15.5905
-15.5734
-15.3905
-15.3282
-15.6153
-15.2938
-15.6562
-15.3856
-15.6875
-15.2602
-15.7873
-15.5473
-15.2578
-15.6864
-15.6661
-15.559
-15.3969
-15.6568
-15.6301
-15.7094
-15.6795
-15.3874
-15.7534
-15.6718
-15.601
-15.8399
-16.1408
-15.8821
-15.7213
-15.9895
-15.9081
-16.153
-16.0086
-16.2332
-16.1855
-16.2826
-16.407
-16.3507
-16.3066
-16.4613
-16.5636
-16.483
-16.653
-16.0693
-16.1229
-16.4326
-16.475
-16.4548
-16.3615
-16.5442
-16.4553
-16.8582
-17.0524
-17.1751
-17.0901
-16.9218
-17.0783
-16.9831
-17.0269
-17.0616
-16.7372
-16.8182
-16.9515
-17.0592
-17.1647
-17.0128
-17.2316
-16.9959
-17.1126
-17.3038
-17.4013
-17.5062
-17.564
-17.503
-17.7
-18.2513
-17.6813
-17.8654
-17.9615
-17.5271
-17.9288
-17.9178
-17.6794
-17.6006
-17.6054
-17.1705
-17.2414
-17.7613
-17.2328
-17.2576
-17.5611
-17.2974
-17.2913
-16.9631
-17.0681
-16.7345
-16.6538
-16.2937
-16.4423
-16.6185
-16.23
-16.3025
-15.7542
-16.5796
-16.2893
-16.3142
-16.2316
-15.9422
-16.1125
-16.2273
-16.1823
-15.7453
-15.7757
-15.6256
-15.5927
-15.6146
-15.3418
-15.6347
-15.4315
-15.7829
-15.5326
-15.556
-15.3166
-15.05
-15.0982
-15.2171
-15.4388
-15.1406
-15.4056
-15.3592
-15.3008
-15.3873
-15.1055
-15.4069
-15.2718
-15.0738
-15.3297
-15.6552
-15.03
-15.3098
-15.157
-15.1521
-15.1608
-15.2038
-15.2398
-15.0711
-15.4661
-15.2587
-15.3202
-15.271
-15.1429
-15.2449
-15.2255
-14.9055
-15.1343
-14.5995
-14.7053
-14.5107
-14.7743
-14.6562
-14.8927
-14.4348
-14.6092
-14.746
-14.7117
-15.0122
-14.9685
-14.8663
-14.5423
-14.7302
-14.9317
-15.0505
-15.2361
-15.1751
-15.0324
-15.3699
-15.4947
-15.2012
-15.3104
-15.1212
-15.3316
-15.3183
-16.8694
-14.1475
-13.8849
-14.2808
-14.2488
-13.9398
-14.0592
-14.1109
-13.8158
-13.7587
-13.7867
-13.7951
-13.7623
-13.7395
-13.864
-13.7635
-13.9581
-13.9524
-13.6456
-14.163
-13.7557
-13.6436
-14.0866
-14.1035
-13.8897
-13.3794
-13.658
-13.5301
-13.3433
-13.2383
-13.2406
-13.2742
-13.429
-13.4543
-13.3614
-13.3689
-13.4985
-13.6098
-13.5302
-13.5647
-13.3565
-13.0544
-13.6063
-13.7213
-13.6885
-13.7655
-13.4147
-13.295
-13.5492
-13.5268
-13.6954
-13.5038
-13.7045
-13.6172
-13.5317
-13.6308
-13.6557
-13.7408
-13.788
-13.4294
-13.6499
-13.5574
-13.7421
-13.3
-13.5338
-13.698
-13.4072
-13.4678
-13.7377
-13.8278
-13.7759
-13.8373
-13.8429
-13.5762
-13.701
-13.7351
-13.5709
-13.9985
-14.1914
-13.9664
-14.0114
-14.2562
-14.0277
-14.4394
-14.3882
-14.4976
-14.4568
-14.8877
-14.7784
-14.6861
-14.5527
-15.0777
-14.5329
-14.427
-14.4922
-14.7852
-14.8338
-14.664
-14.4699
-14.4219
-14.7132
-14.5782
-14.7383
-14.4881
-14.9503
-14.5527
-14.7624
-15.0139
-14.891
-15.0374
-14.9617
-14.9055
-15.0508
-15.0857
-15.0879
-14.9535
-15.3303
-15.032
-15.0699
-14.9927
-15.1235
-15.1531
-15.2691
-15.2503
-15.3442
-15.4231
-15.2429
-15.3962
-15.4368
-15.4242
-15.1243
-15.0754
-15.0255
-14.8855
-15.0276
-15.0493
-15.3531
-15.4799
-15.2204
-15.6019
-15.44
-15.8373
-15.4727
-15.5631
-15.7789
-15.7617
-16.1212
-15.4824
-15.9725
-15.6065
-15.674
-15.9368
-15.6018
-15.4046
-15.7002
-15.643
-15.5939
-15.6268
-15.4699
-15.4762
-15.5331
-15.2094
-15.5076
-15.4218
-15.5375
-15.2939
-15.0392
-15.2157
-14.9047
-14.9166
-15.3763
-15.3793
-15.4882
-15.5372
-15.0949
-15.1639
-15.179
-15.1852
-15.0477
-14.7236
-15.1932
-14.8659
-15.1134
-15.1222
-15.1791
-15.0014
-14.9081
-14.7475
-14.92
-14.9787
-15.0063
-14.8101
-15.0288
-14.9594
-14.6483
-14.7437
-14.657
-14.4247
-14.1797
-14.4065
-14.2494
-14.2442
-14.603
-14.4496
-14.1852
-14.6095
-14.3138
-14.661
-14.5281
-14.6531
-14.7985
-14.5836
-14.6316
-14.683
-14.5874
-14.2768
-14.5534
-14.6207
-14.5285
-14.2841
-14.2712
-14.1617
-14.2337
-14.1914
-14.3257
-14.4561
-14.5054
-14.674
-14.7053
-14.5894
-14.5354
-14.2873
-14.4127
-14.1098
-13.9362
-14.0294
-13.7812
-13.9978
-14.1476
-14.1654
-13.8632
-13.9902
-14.0631
-14.0221
-13.8345
-13.8093
-13.7539
-14.076
-13.781
-13.7662
-13.7946
-13.9256
-13.7039
-13.6866
-13.4987
-13.3155
-13.6605
-13.6142
-13.6017
-13.714
-13.7619
-13.5898
-13.2397
-13.7296
-13.127
-13.2745
-13.3272
-13.0787
-13.4492
-13.4558
-13.5766
-13.3419
-13.5243
-13.5109
-13.5369
-13.5154
-13.5473
-13.4661
-13.226
-13.5697
-13.6597
-13.607
-13.5152
-13.6102
-13.3374
-13.5307
-13.5287
-13.205
-13.5405
-13.1933
-13.2576
-13.4485
-13.4378
-13.4606
-13.585
-13.4446
-13.8815
-13.7114
-13.8173
-13.7207
-13.5028
-13.8331
-13.7385
-13.9831
-13.7001
-14.0415
-14.0098
-13.8414
-14.2724
-14.0506
-14.1453
-13.7827
-14.0964
-13.9203
-14.469
-14.1126
-14.532
-14.0367
-14.2462
-13.9474
-14.3876
-13.9622
-13.7983
-13.9812
-13.9296
-13.9601
-14.0369
-14.0432
-13.95
-13.7888
-14.1937
-14.1453
-14.1589
-14.1076
-14.3642
-14.0416
-14.4779
-14.1576
-14.4539
-14.4016
-14.2366
-14.2358
-14.2832
-14.1491
-14.2651
-14.2139
-14.1981
-14.2066
-14.3858
-14.2138
-14.3214
-14.5684
-14.4856
-14.7678
-14.7343
-14.9366
-14.9291
-14.716
-15.0199
-15.2368
-15.0142
-15.1304
-14.9407
-15.0995
-15.1028
-15.199
-15.186
-15.5133
-15.5918
-15.651
-15.7802
-16.1754
-16.0612
-16.3651
-16.2432
-16.2762
-16.4093
-16.2281
-16.6639
-16.3188
-16.5925
-16.7492
-16.6095
-16.6624
-16.8643
-16.5176
-16.479
-16.2206
-16.1734
-15.8907
-15.9971
-15.9077
-15.8342
-15.9275
-16.2651
-16.0299
-16.0537
-16.3601
-16.1577
-15.978
-15.6815
-16.0537
-15.5408
-15.6002
-15.8392
-15.6344
-15.5766
-15.4424
-15.5822
-15.6693
-15.4545
-15.3373
-15.3198
-15.5048
-15.5103
-15.5755
-15.789
-15.6161
-15.2381
-15.7617
-15.6158
-15.7408
-15.5101
-15.4696
-15.3736
-15.4948
-15.6944
-15.6646
-15.5896
-15.4917
-15.4871
-15.6156
-17.0157
-21.1347
-15.3541
-16.3495
-17.2663
-16.7439
-17.6221
-17.2582
-17.4741
-17.4383
-17.4447
-17.0483
-17.4521
-16.4821
-17.2041
-16.9791
-17.55
-17.0633
-17.377
-17.1268
-16.8913
-17.192
-17.066
-17.1994
-17.2488
-17.0782
-17.2862
-17.4984
-17.5363
-17.3807
-17.7203
-17.3253
-17.5791
-17.3546
-17.0136
-17.2257
-17.1265
-17.0971
-17.3097
-17.1941
-17.2439
-17.2307
-17.2916
-17.1433
-17.2526
-17.3506
-17.1107
-17.2108
-17.2131
-17.6971
-16.8566
-17.3218
-17.4483
-17.2067
-17.4521
-17.6239
-17.5435
-17.5409
-16.9542
-17.1704
-16.7717
-17.4483
-17.0994
-17.4354
-17.319
-17.0507
-17.2351
-17.1663
-16.9501
-17.1348
-17.2263
-17.3151
-17.2123
-16.9125
-16.9803
-16.8841
-16.8972
-16.9672
-16.5159
-16.6587
-16.7462
-16.7878
-16.4867
-16.5696
-16.8729
-16.6534
-17.0764
-16.323
-16.3285
-15.9186
-16.1204
-16.1199
-16.4122
-15.9343
-16.0539
-16.6724
-16.2359
-16.4366
-16.1588
-16.0893
-16.408
-15.9962
-15.9146
-16.164
-15.6753
-16.2526
-16.2387
-15.7725
-16.185
-16.0662
-16.3863
-16.3039
-16.0441
-16.7843
-16.3009
-16.1028
-16.2176
-16.2281
-16.3716
-16.2677
-16.5133
-16.6166
-16.8354
-16.3315
-16.5572
-16.5091
-15.9959
-16.4712
-16.1839
-16.3736
-16.3236
-16.2171
-16.1341
-16.6093
-15.7701
-16.2042
-16.1777
-16.1326
-15.9461
-15.8253
-16.1508
-15.6183
-16.3039
-15.5984
-16.1852
-16.2977
-15.8728
-15.9081
-15.8768
-15.8708
-16.0286
-16.2989
-16.5409
-16.5775
-16.3238
-16.7003
-16.4481
-17.4289
-16.9526
-16.4154
-16.3694
-16.5313
-17.0399
-16.8369
-16.9347
-16.937
-17.2066
-16.8781
-17.2303
-17.0373
-17.3966
-17.628
-17.3275
-17.7615
-17.8575
-17.6974
-18.3049
-17.918
-18.4723
-17.9251
-18.0347
-18.295
-17.6768
-18.4007
-17.9611
-17.8507
-18.4714
-18.1737
-18.6619
-17.9844
-18.1903
-18.3427
-17.8687
-17.6437
-17.7841
-18.1841
-18.67
-18.36
-18.3482
-18.5065
-18.5651
-18.5698
-18.2877
-18.4899
-17.9965
-18.3663
-18.7035
-18.6695
-18.2309
-19.0073
-18.7563
-18.8919
-18.489
-18.2416
-18.7653
-18.5209
-18.5857
-18.5544
-18.6555
-18.6057
-18.9409
-18.7035
-19.128
-18.9231
-18.8368
-19.1277
-18.8952
-18.936
-19.2027
-19.1739
-18.8639
-19.1744
-19.1363
-18.7434
-18.994
-19.3727
-19.0346
-19.3172
-18.9499
-19.1091
-18.8353
-19.1478
-19.2092
-18.9014
-19.7849
-18.659
-19.0998
-18.8347
-19.3366
-18.9558
-18.5439
-18.6841
-18.815
-18.8506
-18.8431
-18.9647
-19.0967
-19.6273
-19.2731
-18.4206
-18.5829
-18.8426
-18.758
-18.2384
-18.5981
-18.3772
-18.3942
-19.1515
-18.4912
-18.271
-18.6222
-18.8342
-18.6642
-18.581
-18.7674
-18.7001
-18.4426
-18.6209
-18.3338
-18.1522
-18.1973
-18.6314
-18.4247
-18.3124
-18.6003
-18.6424
-18.7012
-18.7832
-18.6696
-18.5815
-18.8499
-18.6729
-18.731
-18.4555
-18.2135
-18.1054
-18.0271
-18.2498
-18.2718
-18.0306
-17.8924
-17.9581
-18.2211
-17.3261
-17.8768
-17.7699
-17.7902
-18.0773
-17.2466
-18.1742
-16.9406
-17.4779
-17.1449
-17.1991
-17.1808
-17.0666
-16.6962
-16.6219
-16.7178
-16.1598
-16.743
-16.4552
-16.5102
-16.7939
-16.6322
-16.7704
-16.905
-16.7923
-16.5763
-16.7519
-16.5986
-16.7604
-16.641
-16.6909
-16.0867
-16.4397
-16.4924
-16.2437
-15.9117
-16.1279
-16.0218
-15.8156
-16.1498
-15.9335
-15.6514
-16.072
-15.5645
-15.8648
-15.7331
-15.6915
-15.6849
-15.0753
-15.8075
-15.474
-15.5952
-15.7362
-15.9133
-15.3406
-15.4685
-16.7276
-15.3139
-15.7123
-15.8002
-16.2613
-15.9199
-16.1859
-16.2419
-15.9094
-16.2223
-16.0226
-15.9336
-15.5886
-15.9974
-15.884
-16.0172
-15.8077
-15.7872
-16.0865
-15.986
-15.763
-16.0611
-16.0011
-15.5706
-15.6807
-15.3513
-15.4818
-15.7133
-15.1641
-15.2931
-15.5673
-15.0168
-15.293
-15.3786
-15.1275
-15.2797
-15.1472
-15.5183
-15.4123
-15.0645
-15.4382
-15.4456
-15.3475
-15.5026
-15.6183
-15.7143
-15.9288
-15.7056
-15.6953
-15.7886
-15.8317
-15.7667
-15.6736
-16.0102
-15.4669
-15.5977
-15.6663
-15.5487
-15.9433
-15.8318
-15.941
-16.2077
-16.4443
-16.0044
-16.1385
-16.1515
-16.571
-16.7067
-16.3111
-16.4607
-16.7361
-16.3349
-16.6278
-17.5243
-16.4341
-15.9835
-16.5399
-16.5915
-16.5772
-16.6067
-16.1672
-16.2547
-16.5302
-17.0657
-16.2253
-16.524
-16.8388
-16.9109
-16.9623
-17.1745
-17.2426
-16.423
-16.7948
-16.6685
-16.7241
-17.0014
-16.8102
-16.964
-16.9287
-16.6622
-16.7795
-17.1247
-16.9968
-17.6112
-17.4447
-17.6727
-17.8204
-18.33
-17.8512
-17.732
-17.5827
-17.5707
-17.7104
-17.7961
-16.9631
-17.2329
-17.3247
-17.8535
-17.3958
-17.8255
-17.6687
-17.6714
-17.8257
-17.941
-17.2536
-17.8226
-17.2259
-17.722
-17.8352
-18.0767
-17.6169
-17.43
-17.7873
-17.5508
-17.6468
-17.6629
-17.2765
-17.1719
-17.3525
-17.6733
-17.3376
-17.4607
-17.598
-17.4084
-17.5068
-18.0243
-17.6954
-17.6019
-17.3184
-17.5697
-17.7177
-18.0315
-18.4064
-17.8151
-17.6535
-17.8018
-17.9662
-17.8265
-17.6407
-17.9883
-17.9578
-17.8391
-17.8089
-18.2359
-17.7665
-17.5365
-17.7583
-17.468
-17.7009
-17.6255
-17.5748
-17.8762
-17.5981
-17.8461
-18.1766
-17.9367
-17.9607
-17.7998
-17.8941
-18.3346
-18.3279
-18.3507
-18.1271
-18.4072
-18.3037
-18.027
-18.1951
-18.2854
-17.8371
-18.0028
-18.1465
-17.8499
-18.0867
-17.5429
-18.0653
-17.7212
-17.679
-17.7815
-17.994
-17.6525
-17.8748
-17.5986
-17.8693
-17.5261
-17.2692
-17.5634
-17.2668
-17.5928
-17.7837
-17.0056
-16.8073
-16.7591
-17.0883
-16.9213
-16.6928
-16.8714
-16.2988
-16.624
-16.5152
-16.6132
-16.6921
-16.1479
-16.0105
-16.3204
-16.3607
-16.544
-15.6548
-16.2636
-16.0266
-16.0867
-15.8081
-15.9139
-15.5981
-15.7426
-15.4758
-15.4569
-15.334
-15.4599
-15.816
-15.1354
-15.7573
-15.7867
-15.5346
-15.3082
-15.6757
-15.2614
-15.5344
-15.5197
-15.3611
-14.9858
-15.1008
-16.0888
-15.39
-15.1577
-15.4109
-15.7839
-15.2696
-15.0514
-15.266
-15.385
-15.1699
-14.8639
-14.8095
-14.962
-14.8849
-14.9399
-14.8598
-15.0794
-15.0919
-15.0846
-14.9272
-14.7458
-15.0737
-14.8652
-15.2654
-15.1135
-14.4603
-14.4721
-14.9852
-14.8265
-14.7339
-15.3778
-14.8753
-15.2023
-15.3651
-15.1851
-15.3971
-15.3047
-15.1704
-15.0707
-15.0449
-15.1807
-15.1286
-15.0885
-15.062
-15.0958
-15.154
-15.455
-14.6392
-15.5627
-14.9759
-15.8615
-15.5509
-15.4984
-16.085
-15.9754
-15.6772
-16.4638
-15.9833
-15.3301
-15.4842
-15.3143
-15.4712
-15.8963
-15.6453
-15.3763
-15.6605
-15.97
-15.4306
-15.6224
-15.9418
-14.9361
-15.0492
-15.3615
-15.3046
-15.1201
-15.4687
-15.4464
-15.4209
-15.2805
-15.4745
-15.9906
-16.1781
-16.0609
-15.8391
-15.7028
-15.6555
-15.9602
-15.5701
-15.655
-15.8416
-16.7302
-16.1796
-16.4804
-16.069
-16.203
-16.4008
-16.3973
-16.7417
-16.0435
-16.6953
-16.1126
-16.3088
-16.6987
-16.138
-16.5948
-17.0178
-16.405
-16.7746
-16.6306
-16.8253
-16.856
-16.9979
-17.1714
-17.8578
-17.2663
-17.1329
-17.0408
-17.0709
-17.7064
-17.3137
-17.2516
-17.3278
-17.2698
-17.2698
-17.553
-17.2417
-17.5485
-17.4108
-17.6379
-17.8278
-18.4764
-17.8609
-18.4949
-17.7441
-17.7068
-17.4556
-18.0592
-18.0492
-17.6396
-18.6855
-18.5184
-18.6353
-18.9257
-18.8211
-18.5154
-18.7753
-19.0106
-19.3313
-19.1271
-19.0265
-19.1109
-19.0617
-19.2551
-18.9414
-19.2267
-19.1195
-18.8868
-19.0538
-18.7239
-19.3172
-18.4822
-18.8385
-18.9114
-18.991
-18.7211
-18.8285
-19.0367
-18.4057
-18.7852
-18.6737
-18.9109
-18.8022
-18.8479
-18.8922
-18.8532
-18.8079
-18.7517
-18.8361
-18.8828
-18.5295
-19.0266
-18.6163
-19.0855
-18.3649
-19.5225
-18.8039
-18.9276
-18.8141
-18.6757
-19.6705
-18.5718
-18.8737
-18.5753
-18.7066
-18.5836
-17.8891
-18.4351
-18.2449
-17.4055
-17.6831
-17.4397
-17.6279
-17.895
-17.1753
-17.9829
-16.8469
-16.8325
-16.7537
-16.3122
-16.5487
-16.5578
-16.3266
-16.1558
-16.4629
-16.5487
-16.3859
-16.3595
-15.787
-15.8757
-15.848
-15.5581
-15.7534
-15.7837
-15.856
-15.4898
-15.3874
-15.894
-15.5447
-15.3642
-15.2227
-15.6441
-15.4934
-15.6301
-15.3278
-14.7937
-15.7078
-15.036
-15.6839
-14.885
-15.5233
-14.9316
-15.073
-15.3369
-15.7598
-15.6868
-15.6823
-15.8618
-15.1658
-15.8734
-15.5746
-15.7674
-15.0769
-15.8347
-15.1714
-17.3853
-15.9925
-15.5949
-15.5463
-15.6571
-15.5398
-15.3574
-15.4885
-15.3113
-15.1605
-15.7906
-15.0722
-14.9676
-15.4697
-15.6719
-15.5327
-15.9497
-15.7368
-15.9626
-15.9031
-15.6999
-15.934
-15.8063
-15.8229
-15.5503
-16.2763
-15.8915
-16.0418
-15.5356
-16.2994
-15.5319
-15.4414
-15.3137
-15.7211
-15.0031
-15.5801
-15.8347
-15.1331
-14.834
-15.266
-14.3054
-14.6405
-15.0168
-15.0661
-15.0394
-14.7818
-15.2799
-15.2432
-14.6365
-15.4762
-14.9028
-15.0028
-14.5752
-15.0738
-15.267
-14.9944
-15.1536
-14.6102
-15.2016
-14.7459
-14.7531
-14.8219
-14.8982
-14.9169
-15.267
-15.2831
-14.9979
-15.3129
-15.2716
-14.7439
-14.8806
-14.8135
-15.481
-14.6473
-15.14
-15.0297
-15.2251
-15.4326
-15.1628
-15.6345
-15.7274
-16.0962
-15.6506
-15.8047
-15.8332
-15.0677
-15.4975
-15.7386
-16.5349
-15.8845
-15.9531
-15.9454
-16.127
-15.9281
-16.3924
-16.2148
-16.3641
-17.0724
-15.9777
-16.4982
-16.3807
-16.5894
-16.1671
-16.4245
-16.626
-16.3971
-17.1875
-16.6599
-16.9102
-17.237
-17.408
-17.4284
-17.6176
-17.645
-17.5698
-17.4054
-17.344
-17.8358
-17.872
-17.6195
-17.9276
-17.8931
-18.6176
-17.9864
-18.3316
-18.1999
-18.8034
-18.4759
-18.8617
-18.4689
-18.5039
-18.4073
-18.344
-18.9234
-19.2988
-18.7923
-19.1442
-19.7873
-19.3695
-19.4544
-19.6072
-19.3017
-19.3516
-19.0312
-19.4522
-19.8903
-19.3958
-19.6112
-19.4052
-19.1968
-19.7278
-19.8433
-19.3477
-19.1982
-19.6005
-19.6488
-19.0155
-19.8542
-19.0433
-19.4657
-19.719
-20.0114
-19.6481
-19.5331
-19.6713
-19.4901
-19.9373
-19.8525
-19.543
-19.7459
-19.3882
-19.3105
-19.2421
-19.6585
-19.4596
-19.0102
-19.469
-19.4052
-19.0243
-19.1019
-19.4198
-19.1996
-19.2206
-19.5368
-19.5727
-19.4958
-19.8327
-19.5036
-19.2602
-19.735
-19.7955
-19.5354
-19.7726
-19.9254
-19.3839
-19.2921
-20.0415
-19.6478
-19.734
-19.4735
-19.3587
-19.6518
-19.5215
-20.5718
-19.6764
-19.3811
-19.9376
-19.6137
-19.4194
-19.3448
-19.2898
-18.8541
-18.9839
-18.7423
-18.7115
-18.3209
-18.4964
-18.1946
-18.1965
-18.0958
-17.9509
-17.6509
-17.9122
-17.5917
-17.7778
-18.0415
-17.8074
-17.791
-17.8656
-17.952
-18.1185
-17.8729
-17.8571
-17.5471
-18.1392
-17.93
-17.4475
-17.76
-17.3678
-17.3418
-17.5585
-17.3093
-16.7247
-16.6521
-17.1803
-16.8549
-17.0244
-16.7695
-16.69
-16.8124
-16.425
-16.6434
-16.7605
-16.5289
-16.607
-16.0804
-17.0674
-16.3047
-16.3253
-16.1197
-15.9594
-16.5058
-16.158
-16.0026
-15.9911
-15.5233
-15.8703
-15.0565
-15.6698
-15.6661
-16.2708
-15.2776
-15.6044
-15.8644
-15.4716
-15.7461
-15.4921
-15.3714
-15.5655
-15.7731
-16.0094
-15.5669
-15.8924
-15.8533
-15.2532
-15.5411
-15.5572
-15.3595
-15.7423
-15.8122
-15.6321
-15.398
-15.581
-15.1336
-15.4258
-15.6594
-15.6813
-15.7701
-16.0569
-16.0265
-15.3674
-15.6611
-15.7739
-15.4537
-15.4372
-15.6213
-15.4329
-15.7496
-15.4564
-15.4373
-15.2086
-15.6318
-15.9541
-15.6619
-15.5533
-15.5351
-15.606
-15.3247
-15.7267
-15.4551
-15.3766
-15.1148
-15.4337
-15.6641
-15.2051
-16.1118
-16.0015
-15.3909
-16.0137
-15.6284
-15.991
-15.7546
-15.9459
-16.3505
-16.084
-16.2875
-16.2695
-16.1466
-16.2299
-16.0081
-15.9375
-15.3922
-16.0126
-15.7212
-16.1058
-15.7758
-16.17
-16.1622
-15.9959
-16.3349
-16.2962
-15.9502
-15.9908
-16.7377
-16.1533
-16.2571
-16.9291
-16.57
-16.6748
-16.487
-17.2018
-17.2296
-17.507
-17.4323
-17.007
-16.8754
-16.8727
-16.8886
-17.0785
-17.0798
-17.5758
-17.1207
-17.6286
-17.5209
-17.8903
-18.3203
-18.0513
-17.9929
-18.3141
-18.0906
-17.9398
-18.2516
-18.8028
-17.9556
-18.9232
-18.6786
-18.6366
-18.9755
-18.5353
-18.2998
-18.3146
-17.9133
-18.6691
-18.7609
-18.7755
-18.4222
-18.1435
-18.1904
-18.0302
-18.291
-18.065
-18.9711
-18.2374
-18.4482
-18.2624
-18.591
-17.958
-18.136
-18.6762
-18.5845
-18.5379
-18.2872
-18.5768
-19.1792
-19.0535
-18.8624
-19.3483
-19.4353
-19.1909
-19.5356
-19.7553
-20.0091
-19.7668
-20.0529
-19.4148
-20.3511
-19.4893
-19.9924
-19.6501
-20.0359
-20.1749
-20.4447
-21.6363
-21.8523
-21.9663
-21.9244
-22.271
-21.4089
-21.8044
-21.293
-21.6901
-20.9492
-21.2404
-21.1524
-21.1954
-20.3035
-21.4157
-21.3979
-21.5099
-21.468
-21.97
-21.5653
-21.5094
-21.1734
-21.5017
-21.4047
-21.5717
-21.001
-21.3571
-20.3686
-20.5387
-20.1774
-20.5132
-20.6604
-20.3409
-20.1015
-20.097
-19.8254
-19.3046
-19.6743
-19.5048
-19.4553
-19.7127
-19.278
-19.3414
-19.279
-19.0532
-18.6555
-18.7475
-18.7943
-18.599
-18.4733
-18.9796
-18.284
-18.9113
-18.2202
-18.6845
-18.3919
-18.1565
-18.1746
-18.1097
-18.5438
-17.9894
-18.1237
-18.3855
-18.4123
-18.036
-18.1811
-18.1877
-18.5061
-18.4266
-18.3099
-17.76
-19.1617
-17.8139
-18.05
-17.8072
-18.6658
-17.9729
-18.1429
-18.2977
-17.6796
-17.8609
-18.0663
-17.7334
-17.5524
-17.8578
-17.3566
-17.3971
-17.2887
-17.1374
-17.7172
-17.3668
-16.772
-16.664
-17.4063
-17.1397
-17.3856
-17.125
-17.5204
-16.9465
-17.4606
-18.1917
-17.2765
-17.4808
-17.3962
-17.3227
-17.1342
-17.4204
-17.0103
-16.6885
-16.9909
-17.0414
-17.0695
-17.0374
-17.1802
-17.0729
-16.8186
-17.7968
-17.163
-17.3565
-17.1886
-16.949
-16.3967
-16.9639
-17.197
-16.9319
-16.6249
-17.3355
-17.2004
-16.8243
-16.8593
-16.4998
-17.23
-16.9399
-16.9606
-17.0344
-17.0299
-16.7092
-16.5532
-16.5902
-16.8591
-16.5746
-16.8799
-16.6983
-17.2161
-17.1429
-16.9248
-17.2356
-16.6325
-17.0665
-16.69
-16.7993
-17.0693
-16.974
-16.6571
-16.8159
-16.5567
-16.5009
-16.6576
-16.6978
-16.7588
-16.9632
-17.1969
-16.5456
-17.2093
-16.7539
-17.3386
-17.2839
-16.9773
-17.3596
-17.3365
-17.1529
-17.394
-17.7368
-18.0332
-17.8332
-18.0234
-17.8845
-18.0742
-17.6663
-17.4931
-17.6263
-18.0759
-18.29
-18.339
-17.9541
-18.4107
-18.1608
-17.9952
-18.1778
-18.7411
-18.5351
-18.3503
-18.7419
-18.8999
-18.9164
-18.9645
-19.2323
-19.4713
-19.4356
-19.5245
-19.322
-19.7369
-19.3457
-19.131
-19.7544
-19.6036
-20.1189
-19.5805
-20.2891
-20.2587
-20.2292
-19.947
-20.3047
-19.9134
-20.8915
-20.6278
-20.8604
-20.6574
-20.9383
-20.7497
-20.2117
-20.6492
-20.2612
-20.6801
-21.1593
-21.6853
-21.3185
-21.1428
-21.6089
-21.2845
-21.6159
-21.348
-21.6852
-21.727
-22.1629
-21.5995
-21.737
-21.7509
-21.7076
-21.6561
-21.9099
-21.9817
-21.6048
-21.9623
-21.5117
-21.8086
-21.8011
-22.3263
-21.8984
-21.9438
-22.1716
-21.9723
-21.6577
-22.128
-22.0442
-21.9524
-21.7574
-22.0803
-21.9115
-21.4416
-21.3081
-21.8182
-21.2717
-21.6629
-21.8081
-21.8232
-21.9867
-22.6374
-21.3825
-21.904
-21.7791
-22.2795
-21.9381
-22.1388
-22.215
-22.0639
-22.4823
-21.7452
-21.8936
-21.5192
-21.569
-21.7303
-21.5804
-21.2651
-22.0495
-22.1377
-22.2244
-22.051
-22.0508
-22.3687
-21.921
-21.5142
-21.377
-20.9831
-20.741
-21.3264
-21.4276
-21.4436
-21.4964
-21.6417
-21.7151
-21.2949
-20.8267
-20.3752
-20.3234
-20.3784
-19.9463
-19.6426
-19.9875
-19.9464
-20.0737
-19.7541
-19.9426
-20.0318
-19.4888
-19.2562
-19.3471
-19.0318
-19.5988
-18.7828
-19.0582
-18.9267
-18.7515
-18.9557
-19.568
-18.6866
-18.3121
-18.7609
-18.459
-18.4653
-18.179
-18.3405
-18.741
-18.3255
-18.5996
-18.4442
-18.2713
-17.951
-17.682
-17.9062
-17.8237
-17.9924
-17.8098
-17.6714
-17.9039
-17.2524
-17.945
-17.0961
-17.1537
-17.184
-17.0446
-16.9572
-17.1284
-17.1098
-16.8768
-17.3855
-17.0797
-16.9252
-17.1797
-16.4992
-17.1883
-16.6277
-16.9214
-16.7887
-17.1963
-16.8696
-16.6046
-16.417
-16.8029
-16.8361
-16.3759
-17.0122
-17.6902
-17.0662
-17.0962
-17.1235
-16.8335
-16.9936
-17.0738
-17.2867
-17.0394
-16.8684
-16.8448
-16.5547
-16.623
-17.0537
-16.9082
-17.398
-16.9211
-16.8642
-17.0015
-16.9567
-16.9161
-16.6919
-16.5799
-16.8624
-16.9736
-16.7272
-16.841
-16.8818
-17.2567
-17.6826
-17.0094
-17.1302
-17.4559
-16.6469
-16.9374
-17.1777
-17.1723
-17.1273
-17.0069
-16.9739
-16.9959
-17.1729
-16.9902
-17.1256
-17.5158
-17.036
-16.7375
-17.3144
-17.8837
-17.7492
-17.8574
-17.7782
-18.6585
-17.7665
-18.372
-17.7051
-17.8807
-18.3561
-18.2651
-18.454
-19.6015
-16.9019
-16.6567
-16.5422
-16.595
-16.3405
-16.0529
-15.9902
-16.0083
-16.1377
-15.9678
-16.4878
-16.1793
-16.666
-16.5119
-16.4474
-16.9491
-16.7821
-17.0787
-16.531
-17.1039
-17.4021
-17.0308
-17.6015
-17.4537
-16.966
-17.6555
-17.7215
-17.6862
-17.8874
-17.6075
-17.9732
-18.0223
-18.2501
-18.1708
-18.4342
-19.0726
-18.7225
-18.8175
-18.6101
-18.126
-19.2697
-18.9609
-18.7616
-19.4794
-19.1059
-19.1651
-18.964
-19.1083
-19.4936
-19.2596
-19.539
-19.6883
-19.6725
-19.2543
-19.4727
-19.8925
-19.5662
-19.9069
-19.6503
-20.0285
-19.6945
-19.93
-19.8317
-19.5839
-19.5093
-19.4601
-19.4918
-19.1569
-19.5762
-19.9365
-19.971
-19.7748
-19.3507
-20.1798
-19.6406
-19.6591
-19.6272
-20.0478
-20.2585
-20.3961
-20.5626
-20.4158
-20.4082
-20.8662
-20.9178
-20.5
-20.7853
-21.5098
-20.5192
-20.7914
-20.6153
-20.8974
-20.2488
-20.9459
-20.2166
-20.0738
-21.0495
-20.7392
-20.8219
-21.021
-20.7602
-21.3489
-21.0833
-21.6956
-21.5819
-21.5755
-21.1121
-20.799
-21.0996
-21.0397
-21.0658
-21.6327
-21.1241
-21.1842
-21.3133
-21.4103
-21.448
-21.2053
-21.594
-21.5496
-21.1516
-20.9334
-20.6741
-21.1729
-20.5978
-20.6435
-20.6695
-20.3543
-20.5435
-20.2632
-19.8642
-20.0865
-19.8497
-19.9648
-19.2712
-19.6959
-19.6868
-19.535
-19.2004
-19.4528
-19.6722
-19.3146
-19.8466
-19.4917
-18.9908
-19.2346
-18.6913
-19.1776
-18.6344
-18.6924
-18.8246
-18.3747
-18.7689
-18.4603
-18.4092
-18.2101
-18.318
-18.1622
-18.4718
-18.729
-18.879
-18.5618
-18.5012
-18.3883
-18.3394
-18.0612
-18.2551
-17.9332
-18.0158
-17.8936
-17.5626
-17.8464
-18.0248
-17.772
-18.0112
-17.7868
-17.6588
-17.7869
-17.8471
-17.4919
-17.9248
-17.3478
-17.4942
-16.8343
-17.2331
-16.4779
-17.1567
-16.7629
-16.6185
-16.6159
-16.1012
-16.4699
-16.8642
-16.5563
-16.2606
-16.8945
-15.9642
-16.5601
-16.7194
-15.7965
-16.5043
-15.7252
-16.1473
-15.9829
-16.3332
-15.9636
-16.1042
-15.855
-15.2182
-15.8035
-15.8718
-16.1206
-16.0494
-16.0737
-15.7283
-16.1887
-15.4312
-16.0283
-15.5644
-15.4632
-15.725
-15.8269
-15.6905
-16.5132
-15.4257
-16.3488
-16.41
-15.5293
-15.7318
-15.9028
-15.4956
-15.7964
-15.6546
-15.9478
-15.3623
-15.7833
-15.1493
-15.4993
-15.3913
-15.9675
-15.7039
-15.5261
-16.0315
-15.3497
-15.7299
-15.3676
-16.0882
-16.2894
-16.1576
-16.7173
-16.5304
-16.2225
-16.2209
-16.3778
-15.6952
-16.1691
-15.6863
-16.1166
-15.7073
-16.3988
-16.2598
-16.0848
-15.9674
-16.1069
-16.1089
-15.7399
-16.6305
-16.6043
-16.5943
-16.7729
-17.0535
-17.1195
-17.352
-17.7976
-17.6305
-18.149
-17.7847
-17.7169
-17.8567
-17.7602
-17.7769
-17.6224
-17.998
-17.8127
-17.9828
-18.0639
-17.9084
-17.5046
-17.9106
-17.8436
-18.6659
-18.449
-17.4319
-17.0731
-18.0271
-17.6854
-18.0207
-17.9805
-18.2364
-18.0158
-18.5859
-18.6389
-18.4028
-18.4719
-18.1181
-18.4301
-18.14
-18.8115
-18.1881
-17.9601
-18.4261
-18.1795
-18.5908
-18.6331
-18.5654
-18.6721
-18.9207
-18.7025
-18.7278
-18.6079
-18.7327
-18.8032
-18.8739
-18.9849
-18.8253
-18.2981
-18.8722
-18.9693
-19.0193
-19.389
-18.9439
-19.5207
-19.1069
-19.8592
-19.524
-19.6495
-20.3428
-19.7081
-19.8997
-19.7307
-19.8254
-19.5837
-20.0982
-20.3632
-19.843
-20.4043
-19.4686
-19.2145
-19.6074
-18.9295
-19.3327
-19.038
-19.6433
-19.7181
-19.7297
-19.924
-19.9147
-20.1503
-19.6573
-19.8202
-19.3701
-19.7684
-19.5034
-19.3431
-19.7071
-19.459
-19.6916
-19.71
-19.7232
-19.7185
-19.3819
-19.634
-19.5875
-19.5572
-19.62
-20.2834
-19.5108
-19.9673
-19.5026
-20.0023
-19.9963
-19.6746
-19.8428
-19.6728
-19.5386
-19.6393
-20.3479
-18.8956
-19.1181
-18.7167
-18.9853
-19.1013
-18.6574
-18.7344
-18.5424
-19.4218
-18.8065
-18.3193
-18.1822
-17.9256
-18.2555
-18.9342
-18.4795
-18.3093
-18.2399
-18.0114
-18.0321
-18.135
-17.7473
-17.9
-17.7122
-17.7068
-17.8943
-17.5734
-17.5927
-17.4746
-17.3795
-17.2922
-16.9186
-17.1943
-17.1323
-17.4446
-17.5292
-16.9354
-17.6671
-17.6572
-17.5152
-17.9847
-17.131
-16.8076
-16.5737
-1.#IND
