1.42416
1.36255
1.36267
1.35835
1.36453
1.33396
1.33813
1.33193
1.34744
1.36224
1.35517
1.34273
1.3296
1.34322
1.35318
1.35758
1.34345
1.31966
1.32472
1.34533
1.34691
1.35196
1.3462
1.34431
1.35169
1.37485
1.37127
1.35215
1.34206
1.3306
1.3306
1.35219
1.33902
1.32039
1.3221
1.33396
1.34315
1.35777
1.33697
1.32674
1.32224
1.32931
1.34578
1.35124
1.34945
1.32685
1.321
1.32762
1.33296
1.32257
1.30018
1.2987
1.3011
1.31374
1.34333
1.32721
1.31453
1.31843
1.31861
1.33914
1.32491
1.30325
1.29262
1.29213
1.30854
1.32333
1.32872
1.31187
1.30541
1.32377
1.32337
1.32494
1.30043
1.29611
1.2922
1.28845
1.30623
1.33237
1.31453
1.30205
1.30944
1.33038
1.31528
1.31995
1.29674
1.29147
1.30106
1.3282
1.32828
1.32648
1.31388
1.30769
1.32126
1.33182
1.31904
1.30046
1.28838
1.30769
1.31875
1.32148
1.31446
1.30018
1.29905
1.30353
1.30499
1.30495
1.30113
1.28655
1.28628
1.30219
1.32323
1.29993
1.30237
1.29695
1.30637
1.31626
1.31561
1.29136
1.2952
1.29276
1.30081
1.31799
1.30584
1.30929
1.30762
1.32129
1.32465
1.31381
1.29898
1.29593
1.2798
1.28977
1.3046
1.31155
1.30676
1.3078
1.2987
1.31054
1.31144
1.29969
1.28356
1.28721
1.2937
1.30435
1.33008
1.3201
1.30616
1.31575
1.31941
1.32108
1.30609
1.29126
1.2878
1.28335
1.31352
1.32024
1.31828
1.30819
1.29923
1.30474
1.30936
1.29471
1.27429
1.27301
1.269
1.28759
1.29604
1.30431
1.29709
1.29716
1.30378
1.30944
1.29958
1.29116
1.28648
1.27704
1.2825
1.30954
1.31803
1.30552
1.2953
1.29576
1.30124
1.28707
1.30043
1.27758
1.27939
1.28154
1.29719
1.30701
1.30043
1.29695
1.29768
1.30357
1.30808
1.30283
1.28311
1.26266
1.26967
1.29653
1.30894
1.29955
1.30424
1.30275
1.32297
1.30637
1.31565
1.29119
1.28686
1.2923
1.3099
1.33041
1.31402
1.32155
1.32148
1.31277
1.3222
1.31395
1.29025
1.29123
1.28031
1.29674
1.30815
1.30502
1.30332
1.28442
1.3011
1.31388
1.29216
1.29457
1.27717
1.27301
1.27405
1.30833
1.29779
1.29789
1.28555
1.28212
1.3011
1.29001
1.28219
1.27341
1.25908
1.26954
1.28123
1.29611
1.30085
1.29331
1.29467
1.30057
1.29758
1.28707
1.26776
1.27257
1.27368
1.27677
1.30438
1.31076
1.28835
1.29803
1.29377
1.30336
1.29328
1.28425
1.26626
1.27809
1.298
1.30268
1.31162
1.31255
1.29972
1.30616
1.29919
1.29712
1.28031
1.27203
1.275
1.28456
1.29751
1.30106
1.29684
1.31212
1.30293
1.30769
1.30854
1.29317
1.29147
1.27399
1.27544
1.2915
1.3113
1.31392
1.30244
1.30449
1.30428
1.30651
1.29502
1.27132
1.27196
1.27409
1.28462
1.29955
1.30074
1.29681
1.28704
1.30007
1.30099
1.28717
1.27412
1.26512
1.27301
1.28776
1.3023
1.30215
1.30035
1.28973
1.30318
1.31122
1.3046
1.29481
1.26642
1.27446
1.28253
1.30028
1.30961
1.30683
1.29439
1.29586
1.31054
1.3011
1.28648
1.27653
1.27847
1.2783
1.30162
1.30961
1.3024
1.28432
1.29116
1.29481
1.30445
1.28607
1.27813
1.27466
1.28418
1.29129
1.30733
1.30687
1.29335
1.30901
1.3052
1.30961
1.30314
1.28267
1.27324
1.27038
1.29919
1.31377
1.31734
1.30886
1.29958
1.31803
1.32622
1.30801
1.29286
1.29485
1.28617
1.30378
1.31622
1.32279
1.31334
1.3058
1.31836
1.33496
1.32571
1.29695
1.28869
1.28233
1.29095
1.30406
1.32271
1.32732
1.32652
1.31716
1.32527
1.30467
1.30502
1.28707
1.2767
1.27884
1.29754
1.30357
1.3177
1.31015
1.30456
1.30776
1.30626
1.3128
1.28243
1.27802
1.27813
1.28366
1.29737
1.31076
1.30758
1.30559
1.30965
1.30573
1.30268
1.28267
1.26589
1.2723
1.27507
1.28928
1.29123
1.2923
1.29133
1.29401
1.29817
1.28939
1.27038
1.26031
1.24792
1.25641
1.27534
1.28614
1.28831
1.27765
1.27602
1.2787
1.28662
1.3074
1.21831
1.18871
1.20147
1.21796
1.22249
1.20567
1.19874
1.20989
1.21142
1.19841
1.17705
1.18527
1.1787
1.19107
1.20831
1.2094
1.21194
1.20268
1.20706
1.2077
1.20153
1.19148
1.19477
1.19766
1.1937
1.21998
1.21902
1.22828
1.22508
1.24134
1.23131
1.22358
1.2139
1.19471
1.1848
1.19662
1.20855
1.22113
1.22327
1.22449
1.22809
1.23565
1.22649
1.21741
1.18457
1.19427
1.1974
1.20974
1.21381
1.22897
1.21264
1.22596
1.22963
1.23213
1.20803
1.20054
1.20003
1.19859
1.21387
1.23238
1.2443
1.2413
1.23919
1.24449
1.24462
1.24359
1.22019
1.21553
1.23105
1.22627
1.25202
1.25902
1.26084
1.24672
1.25111
1.25072
1.25385
1.23641
1.23769
1.2233
1.23184
1.24737
1.2529
1.25799
1.24365
1.25029
1.25733
1.24349
1.2415
1.23257
1.23743
1.23552
1.25218
1.26506
1.26316
1.26954
1.28315
1.28281
1.27966
1.26499
1.24815
1.24598
1.25033
1.2769
1.27741
1.28048
1.28253
1.27881
1.29443
1.2837
1.28305
1.25366
1.24588
1.25533
1.26449
1.27493
1.28085
1.27755
1.27028
1.2812
1.26887
1.26566
1.2615
1.24818
1.24523
1.25641
1.28229
1.29513
1.29317
1.28113
1.30566
1.30275
1.31284
1.28524
1.26773
1.28075
1.28807
1.30279
1.31029
1.3113
1.29853
1.30676
1.30951
1.30769
1.2967
1.2827
1.26873
1.27021
1.29933
1.30152
1.30343
1.2859
1.29495
1.29272
1.29737
1.28863
1.27247
1.2692
1.2784
1.29628
1.30131
1.30769
1.31001
1.29705
1.29471
1.30698
1.29534
1.28531
1.26113
1.2683
1.28342
1.29646
1.29359
1.29171
1.28769
1.2878
1.285
1.28363
1.2688
1.25566
1.26031
1.25974
1.2787
1.28987
1.28604
1.29098
1.28432
1.2878
1.2953
1.28635
1.2684
1.2572
1.27476
1.27983
1.28956
1.2923
1.29126
1.29656
1.30435
1.29102
1.28928
1.2787
1.2686
1.27466
1.28814
1.29653
1.28807
1.29611
1.28686
1.28167
1.28673
1.28717
1.25389
1.2452
1.26156
1.26599
1.28576
1.29202
1.28209
1.27891
1.28987
1.28991
1.27226
1.2609
1.25493
1.25477
1.26233
1.26954
1.2785
1.2814
1.28428
1.28311
1.28038
1.29457
1.28573
1.26646
1.26432
1.26402
1.27898
1.28717
1.29415
1.2681
1.26246
1.27758
1.28079
1.26539
1.24876
1.2431
1.24987
1.26559
1.26793
1.27544
1.26759
1.27038
1.27612
1.26873
1.26847
1.25385
1.23909
1.24594
1.25003
1.25251
1.26532
1.26532
1.26729
1.26123
1.2726
1.26626
1.25964
1.24961
1.25127
1.26156
1.27578
1.27796
1.28109
1.27223
1.26616
1.27395
1.27203
1.24932
1.24909
1.24704
1.25052
1.26957
1.27429
1.27942
1.26753
1.27792
1.28776
1.27216
1.27122
1.25615
1.25173
1.255
1.25958
1.28641
1.28335
1.27416
1.26376
1.27405
1.27544
1.27115
1.25915
1.23961
1.24527
1.27537
1.27697
1.27142
1.26897
1.26957
1.28024
1.28483
1.26606
1.25958
1.26087
1.24159
1.26569
1.2748
1.28154
1.26316
1.26934
1.25915
1.26683
1.27328
1.25163
1.23753
1.24066
1.25072
1.27453
1.28305
1.26602
1.26173
1.27028
1.27507
1.28137
1.27476
1.25026
1.25615
1.25773
1.2684
1.28476
1.28126
1.26067
1.2799
1.28545
1.29328
1.28956
1.26286
1.26021
1.26566
1.27826
1.28614
1.28904
1.28566
1.27748
1.2937
1.30081
1.29032
1.26954
1.26642
1.25954
1.27493
1.28528
1.28178
1.28191
1.27775
1.27802
1.28106
1.29036
1.2769
1.26239
1.25635
1.2682
1.28253
1.28994
1.27578
1.26947
1.27544
1.2802
1.28055
1.28274
1.25892
1.26259
1.26766
1.27125
1.29015
1.27792
1.26103
1.27169
1.28559
1.27881
1.28041
1.26176
1.24883
1.26259
1.27493
1.29384
1.27741
1.2878
1.27697
1.28963
1.29726
1.28984
1.28181
1.268
1.2621
1.27619
1.28335
1.29352
1.27997
1.27102
1.27135
1.29628
1.28274
1.25451
1.25836
1.2442
1.2616
1.27328
1.27041
1.27078
1.27149
1.26326
1.27575
1.28335
1.27139
1.25493
1.24899
1.25379
1.27772
1.28759
1.32028
1.27819
1.25343
1.25546
1.23008
1.22047
1.22743
1.22624
1.24243
1.24614
1.22784
1.22106
1.22284
1.22562
1.2381
1.23206
1.2124
1.21175
1.20063
1.22327
1.24063
1.23948
1.22919
1.23251
1.23156
1.23935
1.23339
1.22016
1.20322
1.21753
1.23622
1.23619
1.24666
1.23146
1.22172
1.23308
1.23868
1.23977
1.24818
1.23489
1.23498
1.23695
1.25349
1.25786
1.24958
1.23606
1.2415
1.25049
1.24776
1.24704
1.23416
1.23178
1.23536
1.2498
1.25503
1.24475
1.2451
1.24533
1.25888
1.25691
1.261
1.2321
1.23428
1.22963
1.23358
1.24811
1.24653
1.22809
1.24288
1.24847
1.24443
1.24414
1.23967
1.2279
1.23473
1.25261
1.26021
1.26672
1.24581
1.24756
1.25166
1.26836
1.25753
1.23858
1.22433
1.23203
1.22461
1.25254
1.25375
1.24692
1.24076
1.24028
1.25793
1.25277
1.24987
1.25205
1.23263
1.24779
1.26256
1.26636
1.26412
1.26626
1.25895
1.27098
1.27779
1.27456
1.24925
1.24569
1.25566
1.26286
1.28517
1.27741
1.27412
1.2786
1.27243
1.29088
1.28914
1.27389
1.26176
1.26492
1.29611
1.29478
1.29754
1.30057
1.28742
1.29716
1.29702
1.29611
1.29084
1.27857
1.2814
1.28669
1.29516
1.30145
1.30117
1.29116
1.29765
1.3079
1.30057
1.29439
1.27666
1.27011
1.27717
1.29116
1.30417
1.29401
1.28274
1.29102
1.2945
1.30726
1.28676
1.2619
1.25882
1.27449
1.28318
1.29772
1.29391
1.28
1.29088
1.2966
1.30032
1.28866
1.27993
1.26276
1.27826
1.27598
1.28921
1.2931
1.29488
1.28191
1.29366
1.29307
1.29628
1.27088
1.26449
1.26001
1.27422
1.28838
1.28435
1.29593
1.28339
1.28085
1.28959
1.28845
1.26961
1.26249
1.26596
1.27146
1.28897
1.29032
1.28624
1.27183
1.28243
1.29338
1.2915
1.26586
1.24724
1.25658
1.26793
1.29258
1.29642
1.28514
1.28528
1.28065
1.29296
1.2937
1.27911
1.26853
1.25974
1.27287
1.27615
1.27959
1.28284
1.27098
1.26693
1.28566
1.27935
1.28048
1.26326
1.26014
1.25981
1.26867
1.28099
1.28538
1.2769
1.26113
1.2689
1.29663
1.27962
1.27031
1.26097
1.25908
1.26769
1.27918
1.29576
1.28253
1.27867
1.28239
1.29241
1.28483
1.27257
1.26409
1.25516
1.27301
1.27277
1.28987
1.27351
1.26749
1.26462
1.29377
1.29387
1.29057
1.26226
1.25803
1.26897
1.26703
1.28329
1.28072
1.27321
1.28814
1.28198
1.29022
1.28835
1.27314
1.2574
1.26206
1.27592
1.29036
1.29296
1.29015
1.28007
1.28188
1.28164
1.28887
1.27751
1.2578
1.26887
1.27874
1.28742
1.29436
1.28397
1.27112
1.26987
1.2869
1.28818
1.27731
1.26372
1.27392
1.27568
1.28818
1.2993
1.2959
1.27274
1.26586
1.28535
1.29185
1.28335
1.26857
1.25902
1.26389
1.28014
1.2888
1.29432
1.27504
1.26994
1.29667
1.29289
1.27704
1.25912
1.26332
1.26766
1.26359
1.27612
1.29043
1.27969
1.27819
1.28693
1.28048
1.26924
1.25796
1.2499
1.25042
1.26263
1.27973
1.27928
1.27061
1.26489
1.27666
1.28055
1.28428
1.25254
1.24909
1.24188
1.25366
1.26469
1.27558
1.27877
1.25978
1.27061
1.28507
1.27331
1.26924
1.24236
1.24915
1.2464
1.26223
1.26987
1.27575
1.26526
1.25836
1.2813
1.2724
1.26749
1.26034
1.25451
1.2608
1.28239
1.28239
1.2727
1.26642
1.26823
1.2682
1.2751
1.27993
1.26322
1.24559
1.26536
1.26004
1.27792
1.28058
1.27001
1.26897
1.28724
1.28007
1.27901
1.2689
1.24876
1.25091
1.25232
1.27466
1.28257
1.28325
1.26609
1.27843
1.28335
1.29621
1.27176
1.25687
1.26316
1.26392
1.27748
1.28697
1.27223
1.28212
1.27314
1.27853
1.28401
1.27874
1.27524
1.25461
1.26981
1.27881
1.29241
1.28766
1.26436
1.26863
1.27551
1.28366
1.2784
1.25382
1.2475
1.2462
1.25888
1.27541
1.2798
1.27132
1.26054
1.28144
1.2746
1.27122
1.2443
1.2475
1.23447
1.24478
1.27436
1.2747
1.25612
1.26519
1.25839
1.26011
1.26836
1.26432
1.27993
1.21809
1.1994
1.19961
1.20048
1.19213
1.19578
1.20715
1.20042
1.19421
1.17047
1.17817
1.17653
1.19489
1.20867
1.20045
1.19614
1.19296
1.20313
1.20319
1.19769
1.18381
1.19042
1.20292
1.18744
1.21473
1.21111
1.19997
1.19394
1.20724
1.21451
1.21215
1.1997
1.19451
1.19113
1.19558
1.2116
1.20959
1.21075
1.20307
1.19985
1.20876
1.19832
1.1935
1.17532
1.17687
1.18809
1.20027
1.21099
1.20773
1.19856
1.2012
1.20615
1.21224
1.20907
1.18992
1.18642
1.19605
1.21185
1.22281
1.21976
1.20024
1.2047
1.21874
1.23676
1.21982
1.20334
1.20582
1.20343
1.21197
1.22973
1.22228
1.22066
1.22168
1.23127
1.23074
1.22913
1.21834
1.21602
1.21818
1.22737
1.24802
1.23964
1.24789
1.2423
1.24883
1.25052
1.24792
1.2441
1.23308
1.21528
1.22891
1.24598
1.25362
1.2531
1.24818
1.22878
1.25036
1.25251
1.25277
1.23977
1.23482
1.2374
1.24233
1.26054
1.25984
1.24951
1.25385
1.26382
1.27284
1.26549
1.24269
1.22627
1.24214
1.24844
1.25951
1.26372
1.25153
1.2433
1.25566
1.27213
1.26733
1.25114
1.24594
1.25333
1.25232
1.27843
1.28621
1.2678
1.26984
1.27294
1.28869
1.29209
1.28335
1.261
1.25694
1.27055
1.28673
1.30113
1.28576
1.27694
1.28161
1.28773
1.28359
1.29611
1.26743
1.26031
1.25941
1.27129
1.28673
1.2802
1.27216
1.277
1.27609
1.28277
1.27497
1.2548
1.26452
1.25408
1.26803
1.28161
1.28745
1.25921
1.25533
1.26502
1.27372
1.2727
1.25046
1.24298
1.23833
1.26113
1.268
1.268
1.25773
1.25199
1.25941
1.26696
1.26416
1.26419
1.25809
1.2548
1.25875
1.26422
1.27426
1.26482
1.25484
1.24805
1.27176
1.26396
1.25395
1.23593
1.2414
1.24776
1.26726
1.27466
1.26823
1.24837
1.24552
1.26519
1.2749
1.26626
1.24704
1.23365
1.24188
1.26064
1.27112
1.26362
1.24633
1.24301
1.25543
1.25819
1.24932
1.23498
1.23571
1.24391
1.24009
1.26319
1.26582
1.2551
1.25218
1.24385
1.2723
1.25222
1.24028
1.23377
1.23775
1.24301
1.26289
1.27014
1.25
1.24611
1.26689
1.27939
1.26944
1.26833
1.25513
1.25592
1.26193
1.28171
1.28205
1.26566
1.23877
1.25635
1.2621
1.26951
1.26522
1.24724
1.24824
1.2474
1.26469
1.26599
1.25945
1.24533
1.24562
1.26616
1.2691
1.26156
1.2515
1.23362
1.23785
1.2605
1.25638
1.25261
1.24137
1.23254
1.23457
1.25333
1.26176
1.24841
1.24585
1.25114
1.25582
1.27864
1.26386
1.24834
1.24439
1.24834
1.2573
1.26569
1.25434
1.23935
1.24368
1.25353
1.25471
1.27216
1.25277
1.24114
1.23999
1.26024
1.25487
1.27412
1.239
1.24847
1.2499
1.26376
1.2687
1.27105
1.26166
1.24915
1.26399
1.27524
1.28116
1.25579
1.24769
1.25261
1.27061
1.27959
1.26753
1.26011
1.2574
1.26629
1.27497
1.26977
1.26622
1.24166
1.25431
1.26536
1.27544
1.29251
1.27433
1.26329
1.26299
1.28274
1.28113
1.27146
1.25799
1.25072
1.25931
1.27582
1.27939
1.26706
1.25166
1.25543
1.27045
1.26974
1.26873
1.24436
1.24082
1.25117
1.27129
1.26987
1.26569
1.25533
1.26186
1.27173
1.28873
1.27636
1.26057
1.24867
1.26703
1.2801
1.27986
1.27554
1.26813
1.26632
1.27416
1.28075
1.28038
1.26011
1.25163
1.25717
1.27206
1.28236
1.26984
1.25816
1.25277
1.26569
1.27058
1.27008
1.25658
1.23546
1.23482
1.24143
1.26024
1.25362
1.24633
1.23868
1.25124
1.25747
1.25724
1.24906
1.25062
1.22948
1.24294
1.26726
1.26156
1.2515
1.24666
1.24166
1.25677
1.26319
1.2463
1.24385
1.24098
1.23967
1.25267
1.25638
1.25707
1.24792
1.24581
1.25369
1.26823
1.27456
1.25372
1.24601
1.24818
1.25395
1.26766
1.27193
1.25121
1.24886
1.24359
1.2609
1.25523
1.24105
1.23625
1.22841
1.23187
1.2575
1.25925
1.25493
1.2431
1.253
1.26753
1.26044
1.25124
1.24185
1.23865
1.24166
1.27521
1.28065
1.26736
1.29502
1.24166
1.20093
1.20494
1.18358
1.17288
1.17624
1.18364
1.18815
1.20461
1.18644
1.1856
1.19725
1.20027
1.19474
1.18218
1.1697
1.17362
1.17791
1.18492
1.20761
1.18052
1.17852
1.18399
1.19163
1.19198
1.18483
1.17334
1.16842
1.1851
1.18809
1.19314
1.18513
1.18189
1.17997
1.19844
1.19578
1.18378
1.16352
1.16644
1.16462
1.18052
1.1841
1.18674
1.17107
1.17446
1.1778
1.18174
1.17962
1.16335
1.15808
1.16709
1.18355
1.19065
1.18038
1.167
1.17572
1.18744
1.18694
1.18562
1.17737
1.16429
1.17328
1.16808
1.18733
1.19329
1.17904
1.16644
1.18343
1.18562
1.19344
1.18288
1.17042
1.16632
1.17974
1.18927
1.18891
1.18609
1.18297
1.18043
1.1948
1.19338
1.18241
1.16757
1.16862
1.18442
1.19898
1.20788
1.20225
1.17968
1.18521
1.19988
1.21531
1.20476
1.20009
1.20325
1.20322
1.2179
1.22605
1.22838
1.21803
1.21378
1.23368
1.2475
1.23473
1.21513
1.21133
1.21304
1.22907
1.24185
1.24653
1.22759
1.23727
1.23305
1.23708
1.2413
1.23238
1.22549
1.21636
1.22734
1.25049
1.26312
1.25127
1.24082
1.25444
1.26352
1.25379
1.24997
1.23986
1.23324
1.23839
1.26619
1.26516
1.25687
1.23695
1.2433
1.25921
1.26312
1.25202
1.22913
1.22383
1.23692
1.24233
1.25631
1.24964
1.22932
1.2352
1.25618
1.23718
1.24137
1.22449
1.2175
1.21611
1.22365
1.2274
1.22728
1.21307
1.20937
1.23311
1.23597
1.22468
1.21108
1.20479
1.21191
1.21806
1.22352
1.22243
1.21933
1.21451
1.21883
1.2238
1.22281
1.20509
1.21611
1.20201
1.20207
1.23131
1.21562
1.22891
1.21347
1.21988
1.22337
1.21679
1.20797
1.19397
1.19459
1.20788
1.21267
1.21809
1.2102
1.20129
1.20213
1.20518
1.21081
1.20376
1.18915
1.18478
1.18492
1.20376
1.20892
1.21001
1.20009
1.19596
1.19871
1.20919
1.18847
1.18104
1.18334
1.17884
1.19907
1.19665
1.1985
1.17783
1.18671
1.19668
1.19573
1.19293
1.18235
1.17812
1.17687
1.17656
1.19424
1.1991
1.1816
1.1761
1.18375
1.19406
1.19495
1.18218
1.16434
1.16859
1.16737
1.19
1.19683
1.18326
1.17641
1.19264
1.20334
1.19326
1.19219
1.17377
1.17509
1.18554
1.18871
1.19228
1.18466
1.17385
1.18023
1.18381
1.19403
1.1919
1.18326
1.17572
1.1746
1.18747
1.19656
1.19689
1.18232
1.18003
1.18609
1.20591
1.20177
1.18577
1.17405
1.17443
1.18256
1.19787
1.19552
1.1839
1.18343
1.1893
1.18856
1.20204
1.19599
1.18241
1.18014
1.18407
1.19187
1.19507
1.19608
1.19451
1.19814
1.20081
1.19418
1.20051
1.18145
1.18165
1.18501
1.19605
1.20449
1.19644
1.18113
1.18297
1.20558
1.208
1.19943
1.18944
1.1787
1.18291
1.20391
1.21114
1.2012
1.18727
1.18777
1.19216
1.20983
1.20482
1.1888
1.17558
1.19492
1.18885
1.20488
1.2135
1.19961
1.18665
1.20545
1.20736
1.21151
1.2028
1.18302
1.17022
1.17898
1.19808
1.19814
1.1903
1.18583
1.18381
1.19946
1.20609
1.19492
1.17685
1.17328
1.17916
1.18589
1.18838
1.19281
1.16214
1.16446
1.17768
1.19095
1.1832
1.16029
1.15738
1.1595
1.1818
1.19468
1.18557
1.18536
1.17357
1.1851
1.19113
1.19793
1.18247
1.1622
1.17305
1.17558
1.18416
1.1851
1.18067
1.16714
1.17153
1.1763
1.18527
1.16936
1.15398
1.16138
1.16417
1.16663
1.18145
1.18142
1.16879
1.16797
1.18753
1.18785
1.17105
1.16231
1.15435
1.1657
1.16527
1.18203
1.17216
1.16559
1.15908
1.1659
1.16661
1.17173
1.15296
1.15086
1.15415
1.16593
1.17959
1.17016
1.16717
1.15822
1.1668
1.18434
1.17022
1.16556
1.15072
1.15166
1.16197
1.16723
1.16511
1.15337
1.15042
1.15724
1.17354
1.16641
1.15998
1.14978
1.15529
1.16302
1.16316
1.16874
1.17165
1.15621
1.14877
1.17002
1.16214
1.1629
1.13838
1.134
1.13836
1.14995
1.15939
1.15822
1.14286
1.1494
1.15252
1.1659
1.15432
1.1497
1.16652
1.15468
1.12134
1.12381
1.10586
1.10819
1.11734
1.12071
1.11253
1.10967
1.09549
1.10107
1.11085
1.11734
1.12344
1.12071
1.11268
1.11703
1.12365
1.11496
1.10548
1.09714
1.09173
1.10535
1.12843
1.12155
1.12396
1.10755
1.11119
1.1187
1.12218
1.11867
1.10446
1.10249
1.10289
1.11891
1.13306
1.12097
1.10558
1.10949
1.11258
1.12299
1.13296
1.1098
1.1124
1.11444
1.10913
1.12373
1.11566
1.10241
1.10535
1.11322
1.11397
1.11667
1.11049
1.09767
1.10347
1.10975
1.11514
1.11972
1.11771
1.10581
1.11711
1.11927
1.11592
1.11891
1.11542
1.11436
1.11183
1.12452
1.13074
1.1241
1.12388
1.1176
1.12713
1.13186
1.12597
1.11993
1.11742
1.12254
1.12502
1.13982
1.12467
1.12302
1.12003
1.12496
1.1383
1.12097
1.11475
1.12006
1.11641
1.12634
1.13712
1.13548
1.12095
1.12236
1.12375
1.1275
1.13974
1.12283
1.11465
1.11483
1.12378
1.12745
1.13304
1.12328
1.1266
1.12838
1.14049
1.13696
1.1279
1.11849
1.12087
1.13224
1.13258
1.14896
1.13494
1.13542
1.13109
1.15908
1.15213
1.13021
1.12436
1.1312
1.13741
1.1539
1.15213
1.15387
1.13216
1.14039
1.15031
1.14797
1.144
1.13301
1.14452
1.13467
1.14096
1.15249
1.14871
1.13679
1.14778
1.15039
1.14163
1.14433
1.13714
1.13274
1.13669
1.14572
1.16127
1.16012
1.14945
1.14613
1.16214
1.17205
1.15562
1.14715
1.14147
1.14731
1.1478
1.15376
1.15437
1.14789
1.14125
1.15136
1.15685
1.15587
1.14128
1.14131
1.14201
1.15757
1.16288
1.16175
1.15036
1.14455
1.13855
1.1657
1.16302
1.1461
1.14569
1.14144
1.15182
1.16203
1.17136
1.14671
1.13968
1.15379
1.16601
1.18163
1.17179
1.15805
1.15288
1.16088
1.16814
1.1769
1.17185
1.16468
1.15385
1.17039
1.16573
1.16542
1.16029
1.151
1.15931
1.1752
1.175
1.16321
1.14193
1.14627
1.1526
1.15936
1.15626
1.14736
1.13879
1.1392
1.1534
1.16288
1.15976
1.14534
1.14789
1.15166
1.15221
1.15652
1.15432
1.12981
1.13395
1.15138
1.15535
1.16099
1.15116
1.14307
1.14945
1.16598
1.16578
1.15599
1.15094
1.14921
1.15855
1.1559
1.1635
1.15707
1.14482
1.15663
1.1633
1.16369
1.15852
1.14376
1.14436
1.14874
1.15855
1.17233
1.16231
1.15632
1.14597
1.1556
1.16859
1.16627
1.14608
1.14888
1.14679
1.1597
1.17618
1.16896
1.16265
1.15482
1.1544
1.17578
1.16774
1.174
1.1541
1.1541
1.16763
1.1816
1.17757
1.16426
1.15973
1.164
1.17497
1.18099
1.16113
1.15421
1.14329
1.16751
1.16635
1.17105
1.17042
1.14449
1.1449
1.1556
1.16273
1.16119
1.15185
1.13438
1.14619
1.1578
1.16032
1.15271
1.15432
1.15318
1.15663
1.16482
1.16471
1.1556
1.14406
1.14528
1.1513
1.17125
1.15454
1.14477
1.1534
1.14943
1.17245
1.14945
1.1472
1.14813
1.15313
1.15585
1.18145
1.16273
1.15127
1.15604
1.15624
1.17119
1.17093
1.16335
1.15682
1.15354
1.1529
1.1782
1.17925
1.16192
1.16268
1.16423
1.18724
1.17532
1.16808
1.1678
1.15299
1.14657
1.16321
1.16223
1.16189
1.14701
1.1551
1.16234
1.16567
1.18384
1.15343
1.14995
1.15315
1.16854
1.17463
1.16774
1.15596
1.15925
1.1748
1.17517
1.17754
1.16029
1.15465
1.15878
1.1711
1.18332
1.16474
1.17016
1.14427
1.15346
1.16749
1.15685
1.15155
1.14283
1.14422
1.15858
1.17858
1.16982
1.15956
1.14693
1.15277
1.16533
1.16544
1.16341
1.15064
1.14742
1.1472
1.17316
1.17354
1.14984
1.14855
1.14403
1.1549
1.16245
1.162
1.14286
1.1392
1.14662
1.16706
1.17748
1.17153
1.15122
1.15205
1.16231
1.17377
1.17437
1.15546
1.14545
1.14039
1.16988
1.16576
1.15889
1.15657
1.15097
1.14723
1.16474
1.17042
1.15827
1.15243
1.15238
1.16358
1.17216
1.16757
1.16366
1.15451
1.14055
1.16102
1.15638
1.15451
1.14234
1.14237
1.13882
1.16431
1.16564
1.15465
1.14638
1.19326
1.12634
1.0786
1.06707
1.05666
1.06115
1.06317
1.07778
1.06819
1.07169
1.06885
1.06237
1.07443
1.08213
1.07349
1.06378
1.05986
1.05899
1.08271
1.07121
1.0665
1.07368
1.07749
1.07176
1.08218
1.07251
1.07191
1.06695
1.06916
1.08218
1.09702
1.08184
1.08074
1.07255
1.08103
1.08318
1.09185
1.07931
1.07931
1.08433
1.08619
1.10132
1.1076
1.09302
1.09017
1.10165
1.10574
1.10816
1.09205
1.07263
1.07933
1.09093
1.10218
1.09492
1.08669
1.07491
1.09076
1.09744
1.09462
1.08713
1.07742
1.08264
1.08057
1.09802
1.09724
1.07817
1.08612
1.0823
1.09482
1.09764
1.09387
1.0861
1.08232
1.08536
1.09747
1.10546
1.08747
1.07865
1.08903
1.1013
1.10312
1.10157
1.08428
1.08747
1.08583
1.10097
1.10929
1.10558
1.08809
1.09103
1.09767
1.11114
1.11142
1.09903
1.10434
1.09569
1.10686
1.11109
1.10919
1.10543
1.09399
1.0923
1.11925
1.11374
1.11047
1.10416
1.09552
1.10441
1.11623
1.12449
1.11987
1.10709
1.11119
1.11509
1.13173
1.11766
1.10632
1.11232
1.11612
1.12705
1.13178
1.11831
1.1181
1.10926
1.12822
1.12525
1.12178
1.12668
1.11501
1.11818
1.12452
1.13795
1.12692
1.11773
1.12618
1.14063
1.13968
1.13053
1.11431
1.11535
1.12061
1.13162
1.13906
1.13882
1.13803
1.13446
1.13642
1.14624
1.14553
1.1443
1.13903
1.12581
1.13245
1.14701
1.14142
1.13545
1.1241
1.13405
1.14384
1.15285
1.13634
1.12994
1.12365
1.12618
1.13486
1.12628
1.11977
1.12726
1.1205
1.13274
1.13785
1.1316
1.12504
1.1123
1.1297
1.13505
1.13803
1.13893
1.11664
1.12475
1.13002
1.12862
1.12883
1.12684
1.12489
1.12525
1.13181
1.14523
1.13306
1.12652
1.12126
1.12692
1.13037
1.14455
1.13021
1.12362
1.11893
1.13523
1.15643
1.14786
1.13173
1.13739
1.13755
1.13968
1.1399
1.13024
1.12186
1.12565
1.12981
1.14918
1.14921
1.1399
1.13636
1.12679
1.14591
1.14531
1.13202
1.12893
1.12191
1.1226
1.14496
1.14049
1.14033
1.12354
1.1393
1.14591
1.14526
1.13849
1.1347
1.12136
1.13053
1.13454
1.14932
1.13237
1.12644
1.11815
1.13376
1.14449
1.14973
1.1305
1.13184
1.12745
1.15147
1.1595
1.14602
1.15443
1.15811
1.15601
1.16604
1.15833
1.15398
1.14904
1.16032
1.15565
1.18586
1.18806
1.17271
1.17936
1.17059
1.18323
1.17843
1.16839
1.16751
1.16327
1.15685
1.19427
1.20033
1.19445
1.19338
1.18475
1.19234
1.19201
1.17687
1.15446
1.15418
1.16894
1.17345
1.18662
1.17823
1.1629
1.16905
1.17589
1.1802
1.17826
1.1678
1.17022
1.16561
1.1703
1.18203
1.17991
1.16797
1.16397
1.15727
1.16896
1.16666
1.15094
1.14665
1.15448
1.14786
1.17033
1.16403
1.15585
1.15371
1.15629
1.16988
1.16797
1.14706
1.14166
1.14077
1.14849
1.15465
1.16333
1.16743
1.14978
1.1573
1.17466
1.1767
1.16559
1.16364
1.15948
1.16214
1.18375
1.17587
1.16896
1.15213
1.16774
1.1705
1.16959
1.16437
1.1551
1.15696
1.15282
1.16217
1.17033
1.15917
1.15254
1.1529
1.16607
1.17965
1.16564
1.14959
1.1386
1.14139
1.15504
1.16788
1.16364
1.14286
1.14888
1.15599
1.16386
1.16431
1.15771
1.14723
1.13811
1.15766
1.15875
1.15574
1.14959
1.14654
1.1561
1.15956
1.16751
1.15277
1.14104
1.13971
1.14367
1.15349
1.1629
1.15279
1.14297
1.13852
1.14915
1.15704
1.15685
1.14066
1.13373
1.14907
1.15844
1.15643
1.1668
1.15313
1.1529
1.15749
1.16542
1.15643
1.15091
1.14134
1.14096
1.15213
1.16525
1.16525
1.1659
1.15374
1.16655
1.16513
1.15265
1.14313
1.13947
1.13863
1.13741
1.1633
1.15599
1.15025
1.14321
1.1472
1.16378
1.16502
1.14863
1.13636
1.12173
1.14201
1.14786
1.15716
1.14351
1.14654
1.13696
1.14695
1.14613
1.14539
1.11932
1.1274
1.11969
1.14283
1.14507
1.13438
1.12901
1.1241
1.13176
1.14237
1.13677
1.12753
1.12602
1.15476
1.1156
1.08391
1.07491
1.06169
1.07385
1.07834
1.07751
1.07529
1.06178
1.06113
1.0714
1.09327
1.08903
1.08062
1.06935
1.07337
1.07549
1.08213
1.06938
1.06712
1.06454
1.06607
1.0751
1.08042
1.07541
1.06421
1.06861
1.07563
1.08055
1.07819
1.06638
1.06612
1.06904
1.08157
1.08404
1.07038
1.07052
1.07768
1.07894
1.08384
1.08465
1.07421
1.06308
1.07033
1.0738
1.0832
1.08629
1.07689
1.068
1.08269
1.09232
1.08733
1.07277
1.06204
1.07023
1.06508
1.08989
1.08792
1.06804
1.0727
1.07541
1.08607
1.08718
1.0779
1.07428
1.07385
1.08664
1.09098
1.10492
1.08895
1.0894
1.08683
1.10089
1.10895
1.1139
1.10165
1.09835
1.09674
1.0986
1.10594
1.10352
1.09074
1.09744
1.09993
1.10543
1.10302
1.09727
1.08779
1.09669
1.09462
1.11168
1.10913
1.09609
1.09552
1.0992
1.10299
1.10972
1.09295
1.09017
1.089
1.10213
1.10829
1.10757
1.09938
1.09712
1.09867
1.10558
1.11449
1.11586
1.09359
1.10152
1.09687
1.11253
1.11439
1.10502
1.1013
1.11631
1.12218
1.12663
1.12562
1.10729
1.11065
1.1066
1.1274
1.1358
1.12777
1.13389
1.12349
1.13229
1.13963
1.13272
1.12467
1.1182
1.11701
1.1275
1.13704
1.1275
1.12197
1.12173
1.13422
1.14329
1.1418
1.1265
1.12352
1.12597
1.13499
1.14193
1.14539
1.13427
1.13456
1.12973
1.15133
1.14767
1.14166
1.1237
1.12621
1.13607
1.14496
1.15543
1.14594
1.14316
1.14482
1.1672
1.17308
1.15948
1.14665
1.15407
1.14888
1.14973
1.1657
1.16333
1.148
1.15906
1.16004
1.1697
1.1657
1.15518
1.13936
1.15111
1.15788
1.1539
1.15254
1.13599
1.13933
1.15296
1.16649
1.1494
1.15014
1.1372
1.13604
1.14929
1.16102
1.15593
1.14745
1.13984
1.13572
1.14687
1.15487
1.1237
1.1252
1.13347
1.14288
1.14706
1.1502
1.14302
1.13232
1.13879
1.15282
1.15014
1.13963
1.13226
1.12891
1.1382
1.15576
1.15663
1.1491
1.15169
1.14567
1.15321
1.15738
1.15042
1.1392
1.13301
1.13438
1.1531
1.16138
1.15785
1.14376
1.14172
1.16147
1.16369
1.15691
1.13836
1.13274
1.14286
1.15878
1.16023
1.15335
1.15119
1.14791
1.14852
1.16375
1.16107
1.13779
1.13427
1.14542
1.15163
1.16009
1.16457
1.14676
1.14049
1.15473
1.16791
1.16276
1.14778
1.1434
1.13933
1.14526
1.16116
1.1668
1.14158
1.14212
1.14436
1.1458
1.15554
1.14017
1.14033
1.13521
1.14169
1.15423
1.16358
1.15097
1.15213
1.14863
1.16077
1.16423
1.15827
1.14747
1.14866
1.15235
1.17351
1.18712
1.1723
1.16959
1.17687
1.16712
1.182
1.19394
1.16513
1.15727
1.15604
1.17167
1.18971
1.18583
1.17907
1.17391
1.17898
1.18959
1.19015
1.18387
1.17354
1.17509
1.19749
1.19847
1.19868
1.18656
1.17549
1.17925
1.19889
1.20129
1.18171
1.17188
1.17394
1.17457
1.19796
1.19397
1.17598
1.1715
1.17299
1.1875
1.188
1.18311
1.16347
1.16397
1.16364
1.18192
1.17861
1.17402
1.17359
1.17188
1.17852
1.18206
1.17823
1.16344
1.16321
1.16956
1.17222
1.19142
1.18434
1.16953
1.15579
1.16567
1.18425
1.17561
1.15738
1.16144
1.15878
1.16862
1.18369
1.18662
1.17661
1.17145
1.17742
1.18671
1.19258
1.18674
1.17815
1.15808
1.17185
1.19302
1.19267
1.18364
1.16794
1.18131
1.19116
1.19228
1.18466
1.16627
1.16406
1.1719
1.1754
1.18609
1.18262
1.16936
1.16808
1.17225
1.18827
1.18727
1.16499
1.15962
1.17687
1.18343
1.19501
1.17823
1.16646
1.1678
1.17803
1.19
1.18794
1.17757
1.17971
1.17922
1.18686
1.19901
1.19847
1.18486
1.16595
1.17079
1.19916
1.19045
1.17861
1.1715
1.1748
1.18396
1.18262
1.19204
1.18402
1.17005
1.17598
1.19012
1.19534
1.1895
1.1715
1.1725
1.16871
1.18986
1.19701
1.18644
1.17734
1.17213
1.18483
1.18703
1.1908
1.17587
1.17566
1.18026
1.19421
1.20313
1.19686
1.18142
1.18157
1.22765
1.1508
1.10972
1.09782
1.10768
1.10729
1.11566
1.12302
1.1204
1.1087
1.10642
1.12465
1.11841
1.11519
1.10439
1.09862
1.1133
1.11985
1.12665
1.12373
1.12134
1.1155
1.11844
1.12375
1.1049
1.09835
1.09903
1.10457
1.11956
1.12449
1.12034
1.11124
1.11114
1.11109
1.12289
1.1205
1.11186
1.10878
1.10967
1.12402
1.15124
1.1421
1.11755
1.12864
1.1279
1.13274
1.14068
1.12507
1.1162
1.12257
1.14012
1.14286
1.13165
1.11291
1.10975
1.10921
1.12113
1.12827
1.10888
1.09827
1.11721
1.11605
1.13154
1.13448
1.11959
1.1033
1.11019
1.12157
1.13077
1.12181
1.11405
1.10965
1.1089
1.12286
1.12721
1.13828
1.11716
1.11771
1.12623
1.12832
1.13626
1.11183
1.11844
1.11792
1.13146
1.13995
1.12806
1.12386
1.12186
1.13523
1.14507
1.13344
1.12891
1.11688
1.11519
1.11716
1.13809
1.13618
1.13483
1.13064
1.13304
1.1437
1.1478
1.13146
1.13373
1.12444
1.12968
1.13938
1.14074
1.13733
1.12705
1.1399
1.14161
1.15752
1.14327
1.14373
1.1431
1.13618
1.15141
1.15277
1.15894
1.15351
1.15254
1.15945
1.15454
1.15111
1.14452
1.13226
1.13901
1.14747
1.15213
1.15894
1.14871
1.14357
1.15562
1.15959
1.14302
1.1313
1.13515
1.13408
1.14822
1.15296
1.17322
1.1592
1.14943
1.16113
1.15665
1.17365
1.14386
1.14414
1.13898
1.15097
1.17748
1.18247
1.17486
1.15621
1.17477
1.17552
1.18466
1.16324
1.17268
1.17656
1.16615
1.17768
1.194
1.18212
1.18463
1.18642
1.20406
1.20117
1.1851
1.16516
1.1672
1.17008
1.19379
1.19489
1.1832
1.1841
1.17239
1.19584
1.19988
1.17872
1.16426
1.1546
1.15894
1.18334
1.18372
1.19092
1.17293
1.17647
1.18407
1.18329
1.18428
1.16057
1.16423
1.1642
1.17789
1.19148
1.19009
1.18603
1.18874
1.18774
1.21081
1.19528
1.17907
1.1697
1.17242
1.17679
1.19677
1.20171
1.20114
1.18974
1.19267
1.20243
1.20063
1.18043
1.17188
1.17428
1.17809
1.19077
1.19665
1.20561
1.19192
1.1911
1.19674
1.19967
1.19949
1.18738
1.188
1.18093
1.19145
1.20201
1.2025
1.19231
1.18721
1.19181
1.20709
1.19991
1.17809
1.17489
1.17471
1.19089
1.19925
1.2037
1.19237
1.18478
1.19059
1.2113
1.21353
1.18891
1.16282
1.16857
1.18367
1.18874
1.18865
1.18472
1.17907
1.17922
1.19157
1.18583
1.17656
1.16567
1.16122
1.1705
1.18259
1.19454
1.18288
1.18448
1.17991
1.19916
1.18838
1.18
1.17202
1.17471
1.17538
1.18609
1.19892
1.19662
1.187
1.1895
1.19246
1.19955
1.1991
1.17951
1.17322
1.18771
1.19361
1.2044
1.21476
1.1971
1.18815
1.2003
1.20084
1.1974
1.1935
1.19068
1.19054
1.20724
1.20992
1.21329
1.21004
1.20761
1.20271
1.21172
1.21234
1.20688
1.18762
1.19379
1.19937
1.21368
1.22106
1.21741
1.19871
1.20367
1.21279
1.22343
1.20015
1.19504
1.19258
1.20129
1.20858
1.21556
1.21111
1.20253
1.19853
1.21295
1.22293
1.2047
1.19255
1.1858
1.18747
1.19787
1.21593
1.21664
1.20576
1.19964
1.22004
1.21279
1.22234
1.19775
1.19967
1.19922
1.20934
1.22243
1.21908
1.20913
1.21436
1.21581
1.22253
1.20968
1.20579
1.18671
1.19308
1.20394
1.22621
1.22346
1.21325
1.21338
1.20959
1.21992
1.23485
1.20794
1.19501
1.18962
1.20658
1.2193
1.21954
1.22746
1.21062
1.22415
1.22844
1.22122
1.20773
1.19898
1.19647
1.19042
1.20828
1.21243
1.22281
1.20552
1.20488
1.21218
1.2192
1.20316
1.18195
1.18157
1.18116
1.19916
1.20591
1.20943
1.20552
1.2155
1.22119
1.2253
1.21902
1.20819
1.18841
1.19728
1.20418
1.21485
1.21827
1.2291
1.21587
1.22995
1.23026
1.21735
1.20776
1.19698
1.19299
1.19486
1.21169
1.22343
1.22474
1.20816
1.21087
1.21384
1.21237
1.22019
1.20298
1.18738
1.19985
1.21593
1.22262
1.22131
1.20117
1.20479
1.2124
1.23086
1.21651
1.20262
1.18803
1.19817
1.2462
1.22262
1.17627
1.17193
1.17193
1.17789
1.16976
1.14899
1.14846
1.14389
1.15136
1.17005
1.17119
1.16774
1.15169
1.15813
1.16423
1.17016
1.15805
1.14155
1.14835
1.1437
1.15906
1.17919
1.17789
1.16559
1.16576
1.17451
1.17676
1.16644
1.15227
1.15028
1.1556
1.16178
1.18282
1.1738
1.16499
1.16644
1.17728
1.18606
1.168
1.15163
1.14742
1.14841
1.17039
1.18358
1.1754
1.16729
1.1622
1.17302
1.16703
1.15649
1.15454
1.14147
1.1369
1.15014
1.16988
1.17687
1.16879
1.16837
1.17754
1.182
1.17803
1.15532
1.14926
1.14811
1.14528
1.17342
1.17328
1.174
1.16749
1.17127
1.18513
1.18606
1.17225
1.1678
1.15232
1.1653
1.17558
1.18627
1.18475
1.18492
1.18527
1.19516
1.19495
1.18938
1.1697
1.1782
1.16962
1.18862
1.19844
1.19659
1.18885
1.18396
1.17742
1.18806
1.18936
1.16746
1.15894
1.15205
1.16604
1.18323
1.18244
1.17497
1.16561
1.17815
1.18186
1.17843
1.16564
1.16102
1.15677
1.15688
1.18361
1.18148
1.17852
1.18006
1.17575
1.1885
1.19576
1.17794
1.16152
1.15315
1.16248
1.17951
1.18428
1.19281
1.1825
1.1888
1.19406
1.19391
1.18821
1.17942
1.17253
1.17096
1.18691
1.20564
1.1994
1.19707
1.20105
1.20491
1.21488
1.20105
1.17638
1.17342
1.17653
1.17806
1.1994
1.20355
1.2116
1.1943
1.2077
1.21347
1.21905
1.19814
1.19121
1.19009
1.20518
1.20956
1.21627
1.20664
1.20764
1.21642
1.21636
1.228
1.21023
1.2
1.19136
1.2003
1.21322
1.22649
1.22646
1.21571
1.21427
1.22134
1.21763
1.20828
1.1954
1.18378
1.18894
1.20349
1.21424
1.22203
1.21692
1.21692
1.21194
1.2275
1.21451
1.20494
1.19059
1.19065
1.2028
1.21954
1.22646
1.22753
1.22882
1.22281
1.22362
1.22499
1.21491
1.19895
1.19925
1.1929
1.20995
1.22156
1.21967
1.21766
1.21772
1.22352
1.2139
1.20072
1.19382
1.19181
1.18838
1.21611
1.2188
1.2206
1.20295
1.21279
1.21562
1.21599
1.20694
1.19886
1.1965
1.20057
1.21818
1.22396
1.23244
1.20852
1.20548
1.22019
1.22743
1.21482
1.20231
1.20301
1.20545
1.21636
1.23213
1.22693
1.21756
1.21914
1.22496
1.23143
1.21618
1.20533
1.19154
1.19979
1.20443
1.22168
1.22674
1.218
1.21062
1.22546
1.2326
1.21998
1.20087
1.18586
1.20192
1.1988
1.22106
1.22985
1.22721
1.22299
1.21584
1.22621
1.21627
1.20898
1.19012
1.20295
1.19459
1.20898
1.23052
1.22822
1.20971
1.22081
1.21892
1.23842
1.22091
1.21252
1.20421
1.19979
1.21525
1.23444
1.2352
1.23039
1.21793
1.2352
1.23165
1.22929
1.21203
1.20591
1.20316
1.21537
1.23131
1.2373
1.24153
1.23957
1.25536
1.24372
1.24127
1.21911
1.20861
1.20956
1.21982
1.23469
1.22989
1.2303
1.22765
1.23769
1.23181
1.22352
1.22515
1.20791
1.20479
1.21457
1.22756
1.24581
1.23409
1.23753
1.23349
1.2514
1.24967
1.25287
1.23711
1.21756
1.23244
1.24456
1.25271
1.25503
1.25205
1.23849
1.25727
1.268
1.25931
1.25209
1.24356
1.23619
1.24896
1.26263
1.27328
1.26883
1.25661
1.26951
1.27463
1.27115
1.24633
1.24349
1.23842
1.25464
1.27176
1.28652
1.2931
1.27487
1.27717
1.27372
1.27656
1.26299
1.25408
1.24948
1.25809
1.27558
1.27439
1.28089
1.27714
1.27724
1.27588
1.28185
1.25921
1.24198
1.2488
1.24098
1.24961
1.2553
1.26422
1.25333
1.23957
1.23938
1.24407
1.24066
1.21212
1.20548
1.22131
1.22637
1.23785
1.24549
1.24433
1.22985
1.23651
1.23909
1.23702
1.23067
1.21651
1.21227
1.23241
1.24617
1.23849
1.23641
1.24388
1.23387
1.2464
1.24649
1.22916
1.22743
1.21865
1.22474
1.23922
1.23734
1.24433
1.23184
1.23568
1.24546
1.24233
1.23565
1.21114
1.21753
1.20724
1.22471
1.23131
1.23533
1.23146
1.2314
1.23657
1.23555
1.22505
1.20555
1.20198
1.21117
1.22212
1.22885
1.23358
1.22825
1.21618
1.23254
1.27092
1.20331
1.14182
1.13593
1.13822
1.14844
1.16181
1.15473
1.13917
1.14882
1.15
1.14093
1.13534
1.11258
1.10775
1.11695
1.1321
1.14117
1.14012
1.13208
1.13636
1.14528
1.13583
1.13144
1.11912
1.10962
1.11496
1.12354
1.12724
1.13499
1.1241
1.11701
1.13448
1.14071
1.13515
1.11865
1.13056
1.11103
1.12824
1.14816
1.14261
1.13569
1.13208
1.13106
1.13879
1.13526
1.12933
1.1222
1.11395
1.12779
1.13893
1.13741
1.13957
1.11328
1.13472
1.13216
1.13933
1.12687
1.11867
1.12581
1.13333
1.14294
1.15058
1.15917
1.14477
1.15546
1.16009
1.16133
1.15791
1.13677
1.13232
1.13949
1.15866
1.15799
1.16839
1.1721
1.16553
1.17592
1.18868
1.1761
1.17005
1.15621
1.15713
1.16587
1.18686
1.18454
1.17728
1.16519
1.16245
1.18372
1.1573
1.14745
1.14123
1.1418
1.14079
1.15696
1.15718
1.15766
1.14288
1.15067
1.15009
1.1536
1.1466
1.13392
1.12412
1.13693
1.14223
1.1536
1.14962
1.14112
1.13669
1.14316
1.1399
1.1369
1.12061
1.118
1.11573
1.12029
1.12766
1.12978
1.12412
1.12388
1.13741
1.13857
1.14572
1.12933
1.11459
1.11457
1.12373
1.12623
1.14153
1.13088
1.12291
1.13149
1.14888
1.14693
1.11823
1.11797
1.12131
1.13213
1.14786
1.15713
1.15014
1.1321
1.14441
1.1469
1.15523
1.14384
1.12486
1.12034
1.13548
1.1521
1.15934
1.14791
1.12978
1.13599
1.14066
1.14682
1.13306
1.13202
1.11758
1.13029
1.14115
1.14509
1.15894
1.15055
1.14512
1.15185
1.15468
1.15543
1.13296
1.12412
1.1332
1.14256
1.14868
1.1571
1.14229
1.14001
1.14772
1.15188
1.15752
1.13556
1.13615
1.13647
1.14769
1.15487
1.15565
1.15379
1.14512
1.14567
1.16729
1.16669
1.1508
1.13082
1.13893
1.1376
1.16006
1.16307
1.15565
1.14671
1.15618
1.15576
1.16242
1.15025
1.14153
1.14616
1.15432
1.1715
1.16939
1.1661
1.16737
1.16879
1.17394
1.17411
1.16316
1.14134
1.15011
1.15097
1.15688
1.16905
1.16749
1.15894
1.16138
1.16175
1.17188
1.16783
1.14411
1.13706
1.14569
1.1478
1.16358
1.16119
1.16226
1.15042
1.15571
1.1674
1.16197
1.15136
1.14446
1.14237
1.16231
1.18046
1.18038
1.17563
1.16584
1.17774
1.19258
1.19504
1.1827
1.16729
1.16825
1.16894
1.17945
1.19578
1.18771
1.17725
1.18026
1.18936
1.18437
1.17509
1.15869
1.15783
1.15374
1.17838
1.17552
1.17702
1.17532
1.16828
1.1802
1.18431
1.18041
1.16409
1.15158
1.15724
1.15746
1.18442
1.17936
1.1721
1.17382
1.17716
1.18841
1.18853
1.16985
1.1752
1.17354
1.19814
1.20885
1.21206
1.21276
1.19459
1.2063
1.22004
1.2067
1.2044
1.19931
1.18747
1.20265
1.21148
1.2109
1.20843
1.20403
1.2047
1.21809
1.22655
1.20959
1.2012
1.20349
1.20003
1.20437
1.22224
1.21611
1.21408
1.22113
1.22583
1.22838
1.21142
1.20867
1.19952
1.20355
1.21301
1.22387
1.22187
1.21908
1.20099
1.21547
1.23071
1.21387
1.20108
1.18548
1.18797
1.19439
1.21467
1.20135
1.19952
1.17846
1.1721
1.16791
1.15808
1.15783
1.15108
1.1541
1.14256
1.16817
1.16226
1.16029
1.14976
1.15094
1.16006
1.16931
1.16536
1.14509
1.14959
1.13852
1.1653
1.16675
1.16607
1.15188
1.14528
1.16378
1.16519
1.15498
1.15039
1.12748
1.13234
1.14912
1.15155
1.15485
1.1606
1.14569
1.14783
1.15404
1.16167
1.13021
1.12679
1.14117
1.13688
1.16313
1.15721
1.14704
1.14259
1.1461
1.14995
1.15097
1.14302
1.14155
1.13607
1.15177
1.15696
1.15805
1.14849
1.14324
1.14438
1.1529
1.15365
1.1556
1.14662
1.13349
1.13736
1.15668
1.16525
1.16257
1.1428
1.14504
1.15931
1.16474
1.14649
1.14239
1.13317
1.13847
1.1449
1.15011
1.1534
1.13811
1.14264
1.14313
1.1588
1.16082
1.15354
1.13074
1.13938
1.14874
1.15387
1.15462
1.14794
1.14937
1.14767
1.16178
1.1576
1.14436
1.14695
1.15615
1.16797
1.19958
1.18609
1.1428
1.14468
1.15515
1.14877
1.14813
1.12976
1.12354
1.13847
1.13984
1.14515
1.1472
1.13591
1.13136
1.14337
1.15638
1.14305
1.13168
1.13072
1.13416
1.13795
1.15836
1.15626
1.14041
1.12565
1.1383
1.14414
1.13887
1.12523
1.11906
1.13112
1.13234
1.14172
1.13863
1.13806
1.12423
1.12354
1.14542
1.13277
1.11669
1.10535
1.10699
1.11745
1.12215
1.13194
1.13371
1.12428
1.13112
1.13628
1.13285
1.13758
1.11959
1.10865
1.11364
1.11893
1.1216
1.12294
1.12354
1.11475
1.13106
1.121
1.12729
1.11878
1.10454
1.10031
1.11985
1.13274
1.12867
1.12462
1.10998
1.12822
1.12965
1.12602
1.11472
1.10612
1.10665
1.12676
1.12061
1.13414
1.13226
1.12954
1.12525
1.12965
1.13181
1.13599
1.12123
1.11987
1.12952
1.13968
1.13481
1.13037
1.1227
1.12357
1.1396
1.14907
1.13309
1.1175
1.12573
1.11659
1.12642
1.15058
1.13532
1.12806
1.11688
1.12726
1.14346
1.1376
1.12965
1.12399
1.13379
1.1309
1.14987
1.15299
1.1541
1.13941
1.13793
1.14753
1.14635
1.1288
1.13357
1.12531
1.13801
1.15343
1.15243
1.15218
1.14635
1.14433
1.1478
1.14433
1.13443
1.13607
1.12131
1.13293
1.13793
1.15816
1.15476
1.14169
1.1513
1.15942
1.1622
1.15693
1.14237
1.14857
1.14006
1.16953
1.17167
1.17644
1.17535
1.16709
1.1802
1.18262
1.18256
1.16876
1.15304
1.15967
1.16499
1.17093
1.17988
1.17552
1.16206
1.17208
1.16865
1.1719
1.16209
1.15724
1.15252
1.1606
1.17053
1.1713
1.16851
1.16009
1.17053
1.18871
1.1924
1.16885
1.15677
1.15819
1.15665
1.17371
1.18142
1.18061
1.16763
1.17803
1.1868
1.18665
1.16644
1.15967
1.15479
1.16386
1.17259
1.1825
1.18434
1.20168
1.17271
1.17948
1.18049
1.18741
1.16403
1.16091
1.17942
1.17653
1.19092
1.20624
1.19943
1.18067
1.20295
1.20027
1.18355
1.17823
1.17546
1.16516
1.17391
1.19775
1.18609
1.19104
1.18989
1.20253
1.19477
1.18177
1.18396
1.16035
1.15855
1.15724
1.17182
1.18189
1.18183
1.18756
1.18853
1.19641
1.18644
1.17881
1.16197
1.15127
1.15649
1.17136
1.17122
1.18539
1.18183
1.17661
1.17543
1.18671
1.168
1.14921
1.15992
1.15813
1.17062
1.17417
1.18697
1.19284
1.17959
1.17942
1.18372
1.17067
1.15855
1.15232
1.16189
1.17394
1.18877
1.18457
1.17757
1.17299
1.1752
1.18206
1.1748
1.15599
1.15207
1.16502
1.15744
1.18145
1.187
1.19
1.18224
1.18413
1.18516
1.17451
1.1599
1.15493
1.15688
1.16299
1.17305
1.18317
1.18694
1.18671
1.17731
1.1832
1.18598
1.17005
1.15752
1.15532
1.16273
1.17829
1.18264
1.18936
1.18171
1.1853
1.1943
1.19246
1.18384
1.1705
1.16689
1.17019
1.17852
1.20576
1.1959
1.19051
1.1791
1.17982
1.19166
1.1924
1.17299
1.15479
1.16536
1.16942
1.20084
1.19734
1.19868
1.19686
1.20033
1.19997
1.19772
1.18513
1.17768
1.18099
1.18989
1.20591
1.20831
1.20198
1.19934
1.20406
1.20479
1.20558
1.19605
1.17336
1.17454
1.17535
1.19142
1.19668
1.20307
1.20449
1.19098
1.18959
1.20045
1.1823
1.17705
1.18615
1.17546
1.18744
1.19844
1.21111
1.20536
1.19928
1.19775
1.19766
1.19886
1.17431
1.17584
1.17653
1.18504
1.19409
1.20316
1.20855
1.19045
1.19249
1.19671
1.19755
1.18859
1.18232
1.17815
1.18262
1.20256
1.21163
1.20295
1.19364
1.20039
1.19264
1.19835
1.19136
1.1719
1.17428
1.18334
1.1935
1.2105
1.19731
1.19644
1.19261
1.20373
1.19068
1.18874
1.16743
1.17314
1.17354
1.17858
1.19068
1.1937
1.1802
1.19175
1.19757
1.19065
1.1744
1.17377
1.16248
1.15763
1.1715
1.18747
1.18642
1.18589
1.18777
1.18841
1.19021
1.19192
1.18046
1.16152
1.17053
1.18349
1.19584
1.21655
1.20216
1.20054
1.21041
1.22268
1.20012
1.19412
1.17489
1.17299
1.18827
1.19934
1.19991
1.21614
1.19763
1.20773
1.21188
1.24954
1.12642
1.08895
1.08047
1.08176
1.09815
1.10249
1.09883
1.09729
1.09464
1.08816
1.08315
1.08072
1.0698
1.06983
1.07464
1.08565
1.08937
1.07614
1.07184
1.08164
1.07839
1.08018
1.06662
1.07133
1.0648
1.0709
1.07484
1.08674
1.08435
1.08556
1.07114
1.08232
1.07126
1.06482
1.05864
1.06028
1.06667
1.07284
1.08399
1.07162
1.07788
1.06712
1.07754
1.07143
1.0779
1.0623
1.06416
1.06195
1.07028
1.07734
1.07885
1.07279
1.07428
1.0714
1.08016
1.0835
1.06388
1.05836
1.05836
1.06733
1.08059
1.08147
1.08895
1.08497
1.08644
1.08001
1.08661
1.08218
1.07299
1.07459
1.08443
1.0844
1.08779
1.09141
1.07931
1.08357
1.08723
1.08345
1.08001
1.0705
1.06842
1.07
1.08147
1.08705
1.08876
1.08286
1.08792
1.0874
1.08861
1.08735
1.07395
1.07062
1.07076
1.08264
1.0875
1.08718
1.08152
1.0805
1.08191
1.09185
1.0877
1.07766
1.0727
1.0716
1.08345
1.07778
1.09322
1.08794
1.08257
1.08856
1.09295
1.08829
1.08536
1.07652
1.07556
1.07217
1.09817
1.09529
1.10135
1.09574
1.09903
1.10269
1.09837
1.09312
1.08357
1.08181
1.08047
1.09402
1.09862
1.0923
1.0856
1.08965
1.10046
1.09617
1.09602
1.08098
1.08538
1.07742
1.09634
1.09617
1.09559
1.09875
1.09012
1.08841
1.09394
1.09128
1.07363
1.07188
1.08074
1.07014
1.09592
1.09669
1.08979
1.08264
1.08401
1.08777
1.08957
1.07911
1.06964
1.06664
1.0803
1.0779
1.08701
1.08191
1.0833
1.08541
1.08821
1.08935
1.07568
1.07227
1.06828
1.07822
1.08728
1.08467
1.08678
1.08206
1.0876
1.08563
1.08281
1.08359
1.07167
1.07631
1.07906
1.07662
1.08411
1.0917
1.09307
1.08614
1.08952
1.08342
1.08267
1.07455
1.07222
1.07138
1.08477
1.0856
1.09349
1.09539
1.08162
1.09397
1.09178
1.08081
1.07512
1.07585
1.08123
1.07734
1.09007
1.09002
1.09267
1.08096
1.08362
1.08649
1.08347
1.07217
1.07863
1.06374
1.07916
1.07727
1.08578
1.07505
1.08686
1.08084
1.08563
1.08347
1.08033
1.0699
1.06395
1.07395
1.06702
1.08853
1.08069
1.07805
1.07831
1.08254
1.09178
1.09017
1.07977
1.07819
1.08296
1.08123
1.09208
1.09564
1.08035
1.08848
1.09071
1.10391
1.08777
1.08757
1.07945
1.08521
1.07807
1.10162
1.10087
1.09484
1.09589
1.08945
1.09775
1.09817
1.09429
1.0759
1.08592
1.09337
1.09514
1.09928
1.0982
1.0981
1.10137
1.105
1.0979
1.09744
1.08426
1.09744
1.08844
1.10084
1.10424
1.10203
1.09377
1.10097
1.10515
1.11088
1.10014
1.09782
1.09622
1.10495
1.10233
1.11729
1.11431
1.10609
1.10439
1.11953
1.1217
1.10704
1.09865
1.09307
1.0992
1.10497
1.11114
1.11405
1.10658
1.09577
1.1088
1.11462
1.10875
1.09332
1.08989
1.09049
1.10972
1.10834
1.1075
1.10165
1.10175
1.11098
1.1132
1.10421
1.10056
1.09121
1.09492
1.09414
1.1078
1.11708
1.09492
1.09634
1.09717
1.10079
1.10441
1.10236
1.08301
1.07771
1.09679
1.09589
1.11001
1.11116
1.09888
1.09772
1.10724
1.11019
1.09895
1.09111
1.09113
1.09059
1.10064
1.11297
1.10586
1.10271
1.09976
1.10747
1.1124
1.11096
1.09908
1.08898
1.10546
1.10335
1.12525
1.1204
1.10965
1.10686
1.09602
1.10449
1.12084
1.09215
1.1036
1.10635
1.12352
1.13604
1.14014
1.13365
1.14134
1.13184
1.1412
1.13774
1.11953
1.1188
1.11493
1.11672
1.11919
1.12939
1.1308
1.13024
1.14335
1.14455
1.14036
1.14485
1.12029
1.12652
1.12074
1.13392
1.14188
1.13564
1.13583
1.12875
1.14684
1.15194
1.14433
1.12777
1.12692
1.14071
1.14477
1.15083
1.15704
1.15749
1.15512
1.15515
1.17045
1.17022
1.1559
1.14452
1.14357
1.15518
1.17271
1.17517
1.17256
1.16814
1.17529
1.18521
1.19184
1.16703
1.16491
1.15482
1.16511
1.17345
1.18221
1.17607
1.16916
1.16386
1.18139
1.18903
1.17076
1.15485
1.15732
1.16259
1.18346
1.21883
1.10883
1.06811
1.07684
1.08298
1.08519
1.07102
1.06199
1.06038
1.07855
1.07383
1.07948
1.0714
1.06612
1.06303
1.07109
1.06866
1.06482
1.06652
1.06089
1.05815
1.06973
1.07052
1.06518
1.05374
1.06012
1.06221
1.0679
1.06821
1.05676
1.06341
1.06371
1.07167
1.0758
1.06861
1.05881
1.06305
1.05935
1.07004
1.07335
1.06364
1.06712
1.0582
1.06416
1.07124
1.0643
1.05876
1.06308
1.06145
1.07188
1.06489
1.05804
1.05746
1.05608
1.05829
1.06296
1.06206
1.06664
1.05501
1.05548
1.071
1.06847
1.06643
1.06416
1.06016
1.06477
1.06733
1.06359
1.06301
1.06785
1.05592
1.06978
1.06492
1.06421
1.06192
1.0579
1.06211
1.06911
1.07734
1.07081
1.06584
1.06242
1.06622
1.07275
1.07038
1.0639
1.06461
1.06416
1.06317
1.0623
1.07191
1.07347
1.06425
1.05974
1.07241
1.06282
1.06113
1.06484
1.05883
1.06499
1.06949
1.06833
1.06804
1.05766
1.06705
1.07344
1.07476
1.06721
1.06633
1.07002
1.06861
1.0772
1.06657
1.06622
1.07409
1.06087
1.07445
1.07967
1.07395
1.06261
1.06487
1.06272
1.06764
1.07299
1.07152
1.06437
1.07112
1.08123
1.08091
1.08123
1.0657
1.07582
1.07282
1.08291
1.08293
1.08011
1.07164
1.06864
1.07544
1.08671
1.07732
1.07817
1.06845
1.07074
1.07007
1.07664
1.07335
1.06532
1.0683
1.07323
1.07093
1.07291
1.06816
1.06849
1.0648
1.07045
1.07066
1.07176
1.05956
1.0597
1.05599
1.07385
1.06681
1.06769
1.05178
1.05425
1.06098
1.06012
1.0608
1.06113
1.06148
1.05631
1.05881
1.07291
1.06129
1.05462
1.05916
1.05801
1.06814
1.06501
1.06416
1.05499
1.0512
1.06527
1.06572
1.0693
1.05974
1.05895
1.05979
1.06579
1.06697
1.06828
1.06284
1.06397
1.066
1.0738
1.06705
1.06343
1.06532
1.06115
1.07014
1.07284
1.0832
1.06508
1.06211
1.0732
1.07397
1.07359
1.07773
1.06783
1.06527
1.07387
1.06838
1.0772
1.06854
1.06871
1.06567
1.07476
1.07455
1.0744
1.0524
1.06819
1.05457
1.06859
1.07191
1.07114
1.06289
1.06291
1.06326
1.0705
1.07347
1.07243
1.06565
1.06338
1.07438
1.07824
1.07508
1.07224
1.06407
1.07224
1.07638
1.07824
1.07715
1.06565
1.06428
1.07426
1.08637
1.08215
1.07771
1.06579
1.067
1.08269
1.07766
1.0813
1.0652
1.07004
1.07848
1.07792
1.08386
1.08472
1.07085
1.06914
1.07698
1.09589
1.07826
1.07299
1.08858
1.08718
1.09387
1.09749
1.08169
1.07356
1.07277
1.09222
1.08965
1.08411
1.08511
1.08374
1.08942
1.10566
1.10581
1.09031
1.08123
1.08851
1.1015
1.09454
1.09684
1.09041
1.09432
1.09163
1.10566
1.09619
1.0861
1.08484
1.0824
1.08242
1.08829
1.09981
1.09208
1.08016
1.08703
1.08489
1.08886
1.08873
1.06826
1.07824
1.07399
1.08642
1.09337
1.08208
1.07349
1.07684
1.07744
1.08629
1.08935
1.06866
1.06322
1.08103
1.07979
1.08568
1.08413
1.07722
1.06895
1.0739
1.07945
1.07493
1.07071
1.0689
1.06077
1.07318
1.08777
1.08081
1.08521
1.06957
1.07701
1.08201
1.08607
1.08396
1.07645
1.06709
1.09138
1.09649
1.09332
1.08804
1.08374
1.08267
1.08494
1.09183
1.08573
1.08428
1.07691
1.08834
1.09305
1.10883
1.09797
1.08893
1.1038
1.09622
1.10798
1.10347
1.0893
1.07817
1.07289
1.0845
1.10949
1.11044
1.10188
1.10107
1.10072
1.11956
1.11979
1.11405
1.10495
1.0986
1.1051
1.11031
1.11348
1.10474
1.0986
1.1108
1.11906
1.11927
1.11444
1.10569
1.11291
1.10021
1.12029
1.11597
1.10294
1.10737
1.10785
1.11956
1.12928
1.11766
1.11612
1.10683
1.11605
1.12673
1.13397
1.11925
1.10944
1.12383
1.12639
1.13847
1.15158
1.13355
1.12289
1.11964
1.14362
1.14866
1.15398
1.1382
1.13403
1.13849
1.15252
1.15003
1.15274
1.13679
1.13995
1.15031
1.15945
1.16043
1.15053
1.14134
1.15279
1.17156
1.16372
1.1599
1.14753
1.13801
1.15587
1.16817
1.21451
1.08895
1.05515
1.06362
1.06633
1.0545
1.05173
1.0455
1.0515
1.05839
1.07148
1.06788
1.05513
1.05337
1.0569
1.06444
1.0704
1.05381
1.04833
1.0473
1.06532
1.05743
1.0661
1.06338
1.04755
1.05326
1.06152
1.06157
1.05578
1.05127
1.05467
1.05652
1.0698
1.0585
1.05326
1.05365
1.06056
1.06052
1.0578
1.06131
1.04698
1.05192
1.05625
1.05801
1.06409
1.0558
1.05662
1.0495
1.04987
1.06577
1.06584
1.05892
1.0524
1.06141
1.06345
1.05566
1.0572
1.06296
1.05249
1.05977
1.0608
1.06237
1.05081
1.04861
1.05801
1.05643
1.06279
1.06338
1.0627
1.05356
1.05645
1.06012
1.06567
1.05993
1.0549
1.0623
1.06407
1.05811
1.06293
1.05785
1.06655
1.06362
1.07287
1.06591
1.07546
1.06914
1.06272
1.06522
1.07267
1.07007
1.07138
1.06444
1.06643
1.06359
1.08176
1.07698
1.06645
1.06035
1.06641
1.07459
1.07395
1.07136
1.0643
1.05627
1.06414
1.07676
1.07606
1.07392
1.06371
1.06878
1.06714
1.08291
1.07438
1.06895
1.07074
1.0739
1.08475
1.07936
1.07219
1.06859
1.07236
1.06771
1.08866
1.0796
1.07179
1.07191
1.07643
1.0744
1.0918
1.07776
1.07157
1.07052
1.07227
1.07481
1.07337
1.07858
1.06683
1.07897
1.0877
1.09118
1.08738
1.07812
1.08399
1.07783
1.09532
1.09081
1.07817
1.08103
1.07839
1.08257
1.09559
1.08661
1.08145
1.08389
1.07457
1.08232
1.08472
1.08118
1.07558
1.07541
1.06895
1.08067
1.06842
1.06496
1.07045
1.06892
1.07368
1.07371
1.07133
1.07107
1.05627
1.06854
1.0733
1.06494
1.06525
1.06056
1.06461
1.06407
1.0704
1.07224
1.06589
1.06589
1.06319
1.07657
1.0794
1.06411
1.06171
1.06605
1.06714
1.08536
1.07498
1.07131
1.07575
1.07674
1.06942
1.07575
1.07212
1.07614
1.06795
1.0705
1.0752
1.07788
1.08531
1.07488
1.07594
1.07349
1.08977
1.08306
1.07093
1.07011
1.07914
1.0804
1.08167
1.07771
1.07179
1.07366
1.08315
1.0745
1.07718
1.08086
1.07184
1.07062
1.06954
1.07783
1.08215
1.08174
1.07083
1.07486
1.08208
1.07756
1.08624
1.06655
1.07272
1.06871
1.08543
1.09203
1.09364
1.07836
1.07635
1.09024
1.08881
1.08453
1.09168
1.08873
1.08057
1.08605
1.08977
1.09208
1.08605
1.08834
1.08113
1.09795
1.09036
1.07843
1.08018
1.08784
1.08898
1.08637
1.08878
1.08103
1.07749
1.08777
1.10137
1.10193
1.08881
1.08479
1.07841
1.08915
1.08752
1.09329
1.09247
1.08802
1.08654
1.09928
1.09855
1.09429
1.08977
1.08841
1.08942
1.10497
1.1035
1.10211
1.09148
1.09487
1.10757
1.10294
1.11478
1.09935
1.10625
1.10388
1.10449
1.11091
1.10607
1.10424
1.10688
1.10978
1.1162
1.11685
1.11346
1.11623
1.10039
1.10251
1.11535
1.11052
1.09472
1.099
1.09364
1.09617
1.1064
1.10173
1.07848
1.09026
1.08932
1.10401
1.10589
1.09178
1.08364
1.08372
1.10254
1.09775
1.09702
1.07902
1.08438
1.0915
1.09739
1.09607
1.08957
1.08435
1.08347
1.09815
1.09609
1.09752
1.09417
1.09744
1.0875
1.09956
1.10021
1.10104
1.09434
1.10266
1.09762
1.09777
1.1139
1.08691
1.08113
1.08511
1.09163
1.09507
1.10668
1.0992
1.10031
1.09777
1.10678
1.1175
1.10168
1.09474
1.08411
1.11147
1.10908
1.10732
1.10625
1.10249
1.10752
1.11896
1.11773
1.10727
1.09945
1.09943
1.10444
1.12745
1.12006
1.11794
1.10862
1.10322
1.12904
1.12742
1.11716
1.11446
1.10602
1.11328
1.13917
1.13341
1.12129
1.12867
1.12552
1.14239
1.14632
1.15171
1.12504
1.12439
1.11995
1.14012
1.1458
1.13895
1.12875
1.12748
1.13893
1.14077
1.1365
1.13053
1.11979
1.12454
1.14624
1.14863
1.16054
1.15105
1.15053
1.14392
1.16431
1.16009
1.15593
1.1402
1.14747
1.15501
1.17245
1.1629
1.16178
1.1516
1.15404
1.16624
1.16607
1.1703
1.1369
1.1376
1.15171
1.15368
1.16709
1.16228
1.15601
1.15401
1.16327
1.18308
1.20618
1.07474
1.05268
1.0657
1.07105
1.06484
1.0504
1.05323
1.06558
1.06598
1.06049
1.0596
1.05093
1.04628
1.06026
1.06674
1.05881
1.05876
1.05365
1.05652
1.05995
1.05664
1.05578
1.04723
1.05694
1.05028
1.05956
1.06286
1.04305
1.04266
1.04799
1.05171
1.04749
1.05256
1.03748
1.043
1.04327
1.04909
1.04266
1.04101
1.02956
1.03699
1.04868
1.03878
1.04312
1.04076
1.03773
1.04076
1.04829
1.03993
1.03939
1.03921
1.04112
1.04978
1.04644
1.0448
1.04137
1.03694
1.0411
1.04291
1.05601
1.04852
1.05171
1.04425
1.04952
1.06204
1.05622
1.05233
1.04371
1.04719
1.05356
1.05683
1.05673
1.05353
1.05374
1.05864
1.06169
1.05918
1.0647
1.05284
1.04386
1.0604
1.06089
1.06312
1.05166
1.04891
1.04552
1.05825
1.05455
1.05518
1.04375
1.03433
1.04971
1.07014
1.0558
1.05245
1.05374
1.05159
1.0565
1.05678
1.06075
1.05169
1.04939
1.04728
1.05902
1.05757
1.05173
1.05143
1.04852
1.06019
1.06404
1.06783
1.05139
1.05713
1.05532
1.06683
1.07481
1.06657
1.06536
1.06607
1.06192
1.06735
1.07383
1.07064
1.05657
1.05984
1.06759
1.08157
1.07486
1.06503
1.05892
1.06197
1.06669
1.06738
1.06397
1.06049
1.05185
1.06414
1.06997
1.06688
1.06693
1.07184
1.06357
1.06973
1.07133
1.07129
1.06501
1.06127
1.06256
1.0639
1.07387
1.06591
1.07347
1.06823
1.07246
1.06833
1.07512
1.06206
1.06707
1.06355
1.06809
1.0651
1.06907
1.06023
1.06063
1.06584
1.06624
1.071
1.06263
1.05594
1.04962
1.05864
1.066
1.06707
1.06496
1.04936
1.05259
1.06807
1.06322
1.05372
1.05199
1.04495
1.05631
1.06091
1.06275
1.06134
1.05974
1.05713
1.06113
1.05743
1.06762
1.05878
1.05587
1.06781
1.0582
1.06809
1.06433
1.06007
1.05834
1.06885
1.06838
1.06399
1.066
1.0536
1.06324
1.07313
1.06947
1.07936
1.06976
1.07181
1.06674
1.07378
1.07855
1.07188
1.06726
1.07313
1.07931
1.08888
1.08196
1.07602
1.08113
1.07368
1.08128
1.07931
1.07655
1.07621
1.07354
1.08301
1.08047
1.08502
1.08111
1.07759
1.07887
1.08118
1.09297
1.08115
1.07802
1.07212
1.07631
1.08676
1.09054
1.08551
1.07462
1.07894
1.07582
1.09389
1.09337
1.07899
1.078
1.08159
1.08816
1.09444
1.09265
1.08878
1.09031
1.08868
1.08617
1.09369
1.08898
1.07766
1.07308
1.08516
1.09079
1.09222
1.08821
1.08389
1.09634
1.1066
1.09704
1.08624
1.07541
1.08145
1.08989
1.10041
1.09507
1.08831
1.08895
1.0986
1.09988
1.10683
1.08871
1.09317
1.09469
1.08421
1.09652
1.10391
1.1034
1.09612
1.0991
1.11545
1.11193
1.09674
1.08423
1.08543
1.08984
1.10056
1.10099
1.09547
1.08433
1.09584
1.10203
1.10383
1.09812
1.08428
1.08563
1.09029
1.09903
1.09592
1.10431
1.09862
1.09354
1.08908
1.09915
1.10188
1.0897
1.08011
1.08128
1.09744
1.10576
1.10637
1.089
1.0846
1.0895
1.09908
1.09682
1.0926
1.0925
1.08303
1.08271
1.09978
1.09777
1.09227
1.08881
1.09514
1.09392
1.10507
1.09709
1.09507
1.09198
1.09131
1.10383
1.11535
1.10602
1.10165
1.09624
1.10793
1.12003
1.10279
1.09599
1.08967
1.1053
1.11152
1.11703
1.10729
1.10211
1.10246
1.11693
1.11745
1.1154
1.102
1.09769
1.10424
1.10457
1.11716
1.11209
1.11034
1.11522
1.12032
1.12827
1.13077
1.11938
1.11382
1.11721
1.13669
1.15133
1.14269
1.13411
1.1355
1.14104
1.15337
1.14613
1.1421
1.1297
1.12607
1.13639
1.15169
1.16032
1.15279
1.14605
1.15301
1.14534
1.14093
1.13032
1.12412
1.11638
1.12257
1.13464
1.14419
1.1486
1.13733
1.14632
1.15713
1.16355
1.15535
1.14218
1.13572
1.13785
1.14528
1.16152
1.16257
1.14528
1.14591
1.15271
1.16088
1.15936
1.16012
1.14376
1.1559
1.15713
1.17745
1.18375
1.17351
1.16335
1.16593
1.19048
1.18061
1.16091
1.15218
1.15177
1.17446
1.18119
1.1811
1.20809
1.09747
1.06425
1.07014
1.06662
1.04155
1.04559
1.06028
1.04877
1.05825
1.06045
1.04907
1.05664
1.05374
1.06876
1.05104
1.04142
1.04287
1.04135
1.05298
1.05553
1.05843
1.04863
1.04318
1.06164
1.05711
1.05608
1.04516
1.04728
1.04268
1.0473
1.05332
1.05713
1.05187
1.04987
1.0603
1.0603
1.06213
1.05295
1.0482
1.04705
1.05513
1.06045
1.05953
1.07035
1.05268
1.05063
1.05878
1.06216
1.053
1.05042
1.04948
1.05344
1.05729
1.05885
1.06762
1.06059
1.04664
1.05529
1.05676
1.06197
1.04946
1.05555
1.04614
1.0619
1.0575
1.05811
1.0552
1.04405
1.05005
1.06157
1.06496
1.04625
1.05143
1.04971
1.04694
1.05904
1.0644
1.06047
1.05102
1.06199
1.06428
1.06218
1.06359
1.05393
1.04978
1.05904
1.07136
1.06686
1.07093
1.05638
1.05841
1.06636
1.06636
1.06388
1.05811
1.05279
1.05937
1.06152
1.0675
1.06532
1.0709
1.07423
1.07083
1.0693
1.07488
1.06192
1.06475
1.0572
1.06021
1.06607
1.06942
1.0699
1.06009
1.06973
1.07138
1.07119
1.07021
1.0607
1.06293
1.06341
1.06997
1.07354
1.06291
1.06218
1.06752
1.07551
1.06942
1.07107
1.05275
1.05743
1.05995
1.06565
1.06781
1.07703
1.05951
1.06861
1.07219
1.06619
1.06757
1.05708
1.05815
1.05506
1.06572
1.07626
1.06895
1.07354
1.06876
1.07009
1.06878
1.07239
1.06671
1.06232
1.06629
1.06383
1.07047
1.07028
1.06397
1.06935
1.06091
1.07325
1.07404
1.07186
1.0679
1.06562
1.06728
1.07887
1.07679
1.07894
1.07272
1.06883
1.07537
1.07996
1.06463
1.05942
1.05949
1.05818
1.06138
1.06657
1.07354
1.05759
1.0611
1.05832
1.05713
1.05295
1.04751
1.05095
1.05279
1.0549
1.06719
1.06463
1.06402
1.05909
1.06223
1.054
1.06225
1.05918
1.05033
1.05337
1.05139
1.06544
1.07198
1.06697
1.05541
1.06143
1.07181
1.0693
1.06506
1.06084
1.05578
1.06487
1.07253
1.08094
1.08252
1.07476
1.07681
1.0847
1.07534
1.07095
1.06555
1.06781
1.07019
1.07672
1.08686
1.08352
1.09017
1.09509
1.09827
1.09549
1.08291
1.07378
1.07503
1.08132
1.09384
1.09739
1.08804
1.09905
1.08147
1.10241
1.10243
1.09489
1.08984
1.07395
1.08413
1.08999
1.09923
1.10895
1.09966
1.09792
1.11042
1.11098
1.10931
1.09719
1.09121
1.09193
1.10114
1.10594
1.1052
1.10693
1.10391
1.11768
1.10383
1.09782
1.09662
1.09175
1.09597
1.09252
1.10082
1.11173
1.11841
1.11029
1.09948
1.10342
1.10403
1.09817
1.08492
1.0823
1.07807
1.08844
1.10648
1.10842
1.10441
1.1053
1.10778
1.1065
1.0918
1.08918
1.08067
1.08947
1.10281
1.11335
1.11186
1.11338
1.10221
1.10668
1.10312
1.10039
1.09302
1.09009
1.09088
1.09624
1.10472
1.10479
1.10347
1.09873
1.10233
1.10269
1.09976
1.08123
1.08543
1.07515
1.09827
1.09807
1.10681
1.099
1.10668
1.09437
1.10413
1.09938
1.07522
1.07524
1.08975
1.07982
1.08765
1.09429
1.08568
1.08325
1.0813
1.09208
1.09141
1.08264
1.07301
1.08055
1.07628
1.08661
1.10241
1.09759
1.09141
1.10294
1.10092
1.09639
1.09689
1.09397
1.0834
1.08418
1.09081
1.10173
1.10594
1.1053
1.10223
1.10724
1.10434
1.10778
1.09679
1.09036
1.08421
1.09875
1.1066
1.10801
1.11509
1.09976
1.12655
1.11576
1.11545
1.09908
1.09502
1.09317
1.1066
1.12045
1.12218
1.12061
1.11263
1.10683
1.13644
1.12289
1.12029
1.12286
1.11737
1.11643
1.12872
1.148
1.14457
1.13844
1.13979
1.14196
1.14954
1.15271
1.13849
1.12578
1.12888
1.14591
1.15571
1.15335
1.14441
1.13456
1.1526
1.1659
1.1622
1.15398
1.13714
1.14446
1.15407
1.17208
1.17584
1.16968
1.16573
1.17858
1.17852
1.1834
1.17008
1.159
1.15889
1.16803
1.18224
1.18768
1.18399
1.16885
1.17722
1.19731
1.18815
1.17302
1.16559
1.17391
1.17236
1.19054
1.19311
1.19862
1.1851
1.18548
1.18235
1.1962
1.19477
1.#INF
