183.56
189.94
190.195
191.025
190.125
194.405
193.725
194.58
192.285
190.38
191.31
193.31
194.835
192.895
191.54
190.845
193.095
196.345
195.37
192.565
192.405
191.83
192.53
192.79
191.635
188.815
189.02
191.675
192.93
194.48
194.33
191.75
193.365
195.825
195.75
194.005
192.865
191.05
193.57
195.195
195.61
194.745
192.265
191.725
192.12
195.11
195.78
195.175
194.39
195.905
198.8
199.54
198.89
197.045
192.89
195.1
197.025
196.745
196.59
193.86
195.895
198.925
200.3
200.38
198.06
195.77
194.715
197.325
198.1
195.53
195.805
195.42
198.885
199.84
200.29
200.86
198.095
194.58
196.855
198.755
197.715
194.57
196.54
196.355
199.37
199.995
198.725
194.925
194.875
195.36
196.935
197.74
196.055
194.755
196.25
199.09
200.59
197.78
196.11
195.895
196.735
198.75
198.93
198.345
197.94
197.985
198.545
200.925
201.175
198.465
195.635
199.055
198.44
199.47
197.945
196.495
196.655
199.98
199.71
199.9
198.62
196.485
198.35
197.645
197.76
195.86
195.33
196.935
199.29
199.695
202.25
200.72
198.165
197.37
198.1
197.985
199.4
197.64
197.275
199.01
201.41
201.04
199.955
198.48
194.97
196.005
198.155
196.955
196.65
196.05
198.155
200.545
200.925
201.64
197.325
196.225
196.445
197.57
199.305
198.265
197.815
199.95
203.19
203.5
203.765
200.985
199.76
198.865
199.98
199.76
198.73
197.795
199.295
200.59
201.225
202.575
202.045
198.16
196.86
198.755
199.995
199.87
199.05
201.26
199.015
202.595
202.14
201.685
199.695
198.115
198.985
199.44
199.325
198.44
197.595
198.515
201.445
204.395
203.375
199.31
197.565
198.94
198.505
198.415
195.63
197.945
196.63
200.105
200.56
199.725
197.13
193.995
196.545
195.285
195.775
197.04
195.305
196.625
199.94
199.88
201.505
199.1
197.245
197.935
198.305
201.085
198.34
196.775
199.795
199.23
201.885
202.72
202.515
197.14
198.98
198.745
200.62
201.28
198.32
200.445
201.4
202.76
204.935
203.165
201.5
199.22
198.465
199.67
199.585
198.485
198.8
200.53
203.32
202.675
202.21
201.815
197.495
196.78
200.075
198.555
199.035
197.71
199.415
200.87
203.195
201.35
198.6
197.885
196.33
196.36
197.855
197.405
198.15
198.505
200.865
202.095
201.885
200.205
198.59
198.005
198.185
196.51
197.57
196.98
196.66
199.13
198.985
202.055
201.74
199.02
196.505
195.94
197.56
197.17
197.22
196.885
198.855
202.26
202.295
201.98
200.385
198.43
198.03
198.64
200.045
198.135
197.965
200.155
201.905
203.065
202.11
199.75
197.81
197.78
198.005
199.385
197.335
196.595
197.325
199.065
203.3
202.045
200.92
197.965
196.85
197.13
199.145
198.805
196.62
198.06
200.305
201.59
201.295
201.22
198.055
196.86
198.125
200.56
199.47
198.995
198.045
200.265
201.425
202.245
200.74
199.81
197.39
197.415
199.535
197.295
197.93
197.12
198.24
201.21
202.655
202.99
198.51
196.35
195.985
197.345
198.405
196.06
194.935
197.525
199.425
199.24
200.65
198.13
196.36
195.295
196.92
198.355
196.005
193.73
194.815
199.08
200.045
201.23
199.82
198.06
195.245
194.665
194.815
196.04
194.685
197.705
197.795
200.39
201.935
201.82
199.115
197.94
195.965
197.085
198
197.47
197.97
196.855
201.215
202.02
202.145
201.175
199.2
197.39
197.605
197.965
197.455
197.965
198.455
201.56
203.98
203.425
202.815
200.86
200.4
200.165
200.465
200.19
199.705
201.325
203.92
206.15
207.91
206.56
203.805
202.155
201.72
203.305
203.845
203.09
202.095
200.34
213.415
218.46
216.455
213.52
212.49
215.4
216.76
214.625
214.195
216.215
220.17
218.745
219.765
217.59
214.955
214.445
214.09
215.645
215.24
214.855
215.875
217.64
217.015
216.55
217.175
212.635
212.53
211.205
211.625
209.01
210.495
211.815
213.27
216.755
218.435
216.125
214.045
212.08
211.605
211.53
210.675
209.61
211.23
212.79
218.235
216.58
216.015
213.96
213.335
210.635
213.365
211.165
210.56
210.015
214.14
215.3
215.465
215.685
212.965
209.975
208.1
208.675
209.055
208.17
207.97
208.14
212.31
212.965
210.185
211.045
206.65
205.915
205.38
207.535
206.77
207.28
206.37
209.1
208.82
211.18
209.87
207.295
206.615
206.02
207.82
207.045
206.03
208.085
208.275
209.935
208.89
209.43
206.675
204.665
204.88
204.345
201.89
202
202.64
204.625
207.185
207.48
207.18
202.955
202.76
202.59
202.29
202.395
200.54
201.86
202.015
206.44
207.515
206.225
204.76
203.315
202.125
202.77
203.985
202.415
204.105
204.845
205.24
207.48
207.975
206.18
202.355
200.37
200.66
202.135
198.815
199.435
197.85
201.955
204.665
202.82
201.575
199.48
198.625
198.345
200.325
199.21
198.665
198.99
200.565
202.645
204.805
204.655
200.09
199.81
199.42
202.1
200.595
201.255
200.33
201.505
204.17
204.765
203.115
200.645
200.06
198.96
198.935
200.785
201.22
199.29
201.07
202.325
206.065
205.03
202.76
200.83
201.22
201.65
202.14
202.045
202.65
202.88
204.905
207.645
206.51
206.865
203.58
202.165
202.88
201.905
202.96
202.455
201.195
202.475
205.395
207.19
204.36
203.995
202.17
202.265
201.985
201.655
200.34
202.35
202.81
204.27
205.885
204.895
203.095
201.75
202.725
202.07
203.26
203.935
203.47
203.415
208.355
210.08
207.58
206.655
203.64
202.725
204.165
204.46
202.785
202.91
205.67
207.39
208.085
208.14
206.735
205.875
204.44
204.365
203.655
203.915
204.535
202.49
203.615
206.635
207.135
207.34
204.68
203.615
202.15
206.27
207.365
204.905
204.355
206.355
209.42
209.845
209.21
206.515
206.085
204.89
206.195
205.75
204.74
206.095
205.865
208.32
210.65
209.635
208.995
208.295
206.635
206.245
205.88
207.05
205.45
206.235
207.22
208.93
208.465
207.05
204.71
204.46
203.86
205.655
206.32
205.02
205.545
208.635
209.06
209.105
208.63
205.61
205.09
204.055
206.065
204.635
203.17
205.465
205.565
208.05
208.805
208.245
207.65
203.425
203.61
205.31
206.82
204.915
204.91
205.145
207.015
210.23
209.56
204.38
204.355
205.005
205.62
205.22
203.675
202.695
205.855
206.61
206.425
209.38
205.69
204.235
203.055
205.72
204.905
206.335
205.16
204.31
207.68
209.805
209.595
207.97
204.195
202.995
205.61
206.305
205.005
204.065
203.32
204.08
208.14
206.9
206.66
205.365
202.435
203.325
206.205
203.475
202.305
201.475
202.12
205.905
206.235
205.505
203.735
202.215
201.895
202.295
203.44
201.425
199.8
201.54
204.745
205
205.965
203.725
202.13
202.64
202.43
203.28
203.16
202.805
201.155
203.195
205.525
206.21
204.535
202.28
201.215
203.37
204.205
203.47
202.38
202.66
202.36
205.79
205.365
204.335
204.06
201.075
202.945
205.52
203.835
201.715
202.695
202.52
205.15
207.33
205.195
203.345
200.275
202.91
201.375
203.035
201.37
200.175
201.34
202.515
204.485
205.71
203.5
202.43
201.02
202.925
204.405
204.225
200.805
202.69
207.12
206.465
208.855
205.965
204.63
205.135
204.94
205.095
206.475
204.635
203.53
205.44
207.855
209.105
208.12
204.725
202.945
199.63
203.365
207.085
206.795
211.22
212.625
211.09
211.42
208.88
208.275
211.285
212.12
211.985
211.49
209.485
210.385
213.905
214.03
215.875
212.115
209.12
209.54
210.82
210.575
210.665
209.51
210.725
212.525
215.205
212.64
209.79
209.645
208.195
210.44
211.955
210.195
209.275
209.025
207.87
209.75
209.895
209.525
206.795
206.14
207.465
209.585
208.785
207.455
207.775
208.065
209.925
210.32
210.085
207.39
206.51
208.35
208.225
208.08
205.975
206.125
205.745
210.39
209.885
210.87
209.945
207.73
208.105
211.215
208.67
207.995
208.36
208.585
209.44
211.365
210.275
207.41
206.355
205.365
208.595
208.125
207.835
204.96
206.77
209.72
212.165
211.06
211.92
207.56
207.435
208.135
209.33
209.215
206.62
207.185
207.62
207.225
210.555
207.88
205.5
205.09
205.485
204.995
206.235
204.29
203.395
203.83
208.065
208.355
206.755
205.835
202.175
203.39
203.885
202.865
203.905
200.93
201.13
203.9
205.31
204.855
200.35
200.21
200.155
199.605
201.49
200.15
200.29
200.39
201.095
202.99
202.515
201.745
200.655
199.22
199.47
201.05
199.99
198.69
199.655
200.405
203.14
204.22
202.865
200.99
199.025
200.56
202.15
200.88
200.42
198.29
201.575
205.19
205.625
203.17
201.835
199.8
200.275
202.41
200.58
199.96
199.37
200.87
202.03
204.96
202.465
203.16
200.85
200.18
200.105
202.42
200.14
200.585
199.895
203.735
204.65
205.505
203.4
201.16
201.705
200.065
201.895
202.025
200.735
200.88
203.855
204.7
204.28
203.36
200.675
200.49
201.5
203.605
202.155
200.4
200.58
204.555
207.625
206.145
204.305
200.615
200.055
201.8
201.83
202.115
200.33
200.145
202.06
203.725
205.115
203.06
202.625
202.09
201.575
203.23
203.915
200.895
201.775
201.54
204.135
204.765
204.545
203.295
201.535
200.945
202.115
204.455
203.58
199.125
201.805
203.28
204.71
205.255
203.77
201.85
199.43
201.48
202.145
201.54
200
201.135
202.835
204.21
205.66
203.07
203.255
200.415
202.955
203.89
204.49
200.045
199.78
200.515
204.685
205.295
203.84
204.09
201.54
201.835
203.19
201.055
201.95
200.675
201.035
203.46
205.78
205.315
202.8
200.675
200.43
200.515
202.31
202.005
202.11
200.94
202.775
205.79
204.025
202.475
201.2
200.12
201.64
203.78
204.045
201.185
201.05
202.595
205.145
203.005
203.395
201.39
199.315
200.12
203.81
204.795
201.4
200.76
202.3
204.43
205.825
204.92
202.83
201.39
200.705
203.79
204.425
200.26
200.83
203.535
206.27
205.925
205.165
205.815
203.9
201.675
203.605
203.625
202.31
203.28
205
206.585
208.275
207.925
206.02
203.45
203.445
204.915
205.99
204.17
203.52
203.355
208.14
208.7
210.065
208.26
206.42
204.8
204.29
207.28
205.505
203.63
205.345
205.88
210.15
208.57
209.405
206.77
205.805
204.435
206.565
207.325
203.77
205.11
205.54
206.895
207.62
206.665
203.57
203.26
204.945
205.94
205.68
205.525
204.52
203.82
206.03
209.07
205.88
206.69
204.205
203.625
205.535
205.31
202.655
203.78
203.615
205.28
208.36
208.01
207.915
204.165
202.875
202.905
205.36
203.52
202.69
200.905
204.595
206.7
205.93
205.705
203.64
202.175
204.465
202.86
204.43
203.465
202.515
203.315
204.06
207.005
204.715
203.605
201.34
202.215
205.66
205.13
203.73
202.605
203.505
207.105
208.255
208.455
206.455
204.095
203.44
204.72
206.265
203.41
204.145
204.935
209.32
208.555
211.355
209.345
204.94
204.75
207.665
206.205
207.15
207.09
205.55
206.255
204.79
212.62
215.82
216.025
215.8
216.85
215.985
213.945
214.87
215.83
220.265
218.945
219.37
215.845
213.415
214.985
215.565
216.19
214.5
214.42
215.325
217.435
216.54
214.165
216.815
211.985
212.765
214.515
215.305
213.2
211.71
212.185
214.2
215.2
215.74
214.93
212.125
212.395
212.095
213.24
213.935
212.08
214.03
214.97
218.01
217.82
215.805
213.845
212.025
212.9
214.24
213.73
212.99
211.87
212.5
215.735
216.3
214.64
212.135
210.21
210.75
214.28
213.47
211.175
208.495
211.09
213.735
213.345
213.88
212.435
209.445
210.525
210.805
210.71
209.12
209.295
209.77
211.34
211.695
211.355
209.69
206.395
207.875
206.705
207.14
206.33
206.29
206.38
207.24
208.935
211.905
209.525
206.85
205.925
205.675
206.38
209.665
206.355
205.695
205.925
207.875
208.27
208.155
207.245
204.555
204.53
206.345
205.76
203.6
202.825
203.63
207.29
209.885
207.285
206.25
204.6
203.895
205.745
206.905
205.195
202.79
203.495
206.055
206.955
205.96
206.015
201.81
200.905
203.685
203.57
202.87
200.585
199.985
201.24
204.805
205.26
203.155
200.85
198.775
200.71
202.06
201.515
200.505
201.025
199.52
203.65
204.81
205.055
203.175
200.85
201.86
203.045
202.65
202.575
201.505
202.35
205.925
204.465
205.905
203.72
201.625
200.965
205.215
205.975
204.53
203.315
203.405
206.95
207.945
208.75
205.085
204.235
203.815
205.58
206.315
204.965
204.07
204.42
204.365
205.355
205.715
205.075
204.34
203.125
204.23
205.95
206.87
203.365
204.22
206.075
208.905
208.12
207.045
204.025
202.685
203.61
206.77
207.35
204.185
202.51
204.065
206.795
209.185
207.455
204.62
203
204.32
206.845
207.43
205.35
205.24
206.155
208.665
208.55
207.2
207.705
204.225
203.63
205.26
205.845
206.85
202.495
205.49
207.305
208.765
207.95
206.97
204.08
202.895
206.1
206.57
203.41
201.61
202.69
203.225
205.475
204.905
204.305
201.08
200.94
203.645
207.73
204.72
203.99
202.91
203.52
206.435
206.41
206.18
203.39
203.275
204.34
206.47
206.445
203.41
202.73
203.84
205.53
208.43
207.585
204.13
204.505
205.26
207.105
208.32
207.92
205.16
203.94
205.765
206.38
205.185
204.42
201.05
203.325
205.805
206.535
205.595
204.295
203.02
204.855
207.15
206.595
204.91
204.87
201.905
204.725
206.44
206.87
203.71
204.765
201.685
207.295
205.585
205.125
202.95
202.58
202.3
203.465
205.97
203.285
201.77
200.82
204.715
206.105
205.13
202.365
200.98
202.985
204.45
204.75
203.15
201.86
202.78
203.31
207.1
204.9
203.24
201.66
199.205
202.075
203.52
203.565
200.55
200.645
201.97
204.2
205.19
204.2
201.425
201.04
203.035
205.185
204.81
202.67
202.535
202.435
206.16
206.94
205.14
202.075
202.035
202.85
204.625
203.575
201.89
199.35
201.385
203.6
205.455
202.79
200.785
200.6
201.225
202.605
202.675
201.47
200.68
200.825
203.96
205.31
204.315
202.25
200.565
202.64
204.575
205.185
203.26
202.4
202.485
204.675
208.16
208.02
206.965
203.98
205.035
206.195
207.585
205.5
204.5
204.635
205.745
205.635
208.975
206.93
203.175
204.11
205.65
206.535
207.19
204.715
203.835
206.57
207.08
207.225
207.71
205.58
205.095
204.96
206.44
206.785
205.615
203.12
202.38
205.52
207.055
206.6
205.465
203.395
203.1
205.975
206.795
207.43
204.77
205.57
207.835
208.685
209.825
209.485
205.075
205.26
206.045
207.875
206.56
204.285
205.46
206.78
208.35
208.99
208.06
203.165
202.145
204.18
201.355
208.59
215.135
214.9
218.665
220.685
219.32
218.225
217.335
214.565
217.415
217.62
215.7
214.985
215.86
218.085
220.33
219.505
218.73
217.645
213.46
218.14
218.635
217.465
216.185
215.825
217.82
219.205
220.375
217.275
216.875
215.75
217.17
217.975
218.375
215.07
215.575
217.78
221.43
220.795
221.105
218.04
217.595
217.115
219.9
219.29
218.77
217.9
218.155
221.07
222.21
220.72
217.62
216.21
218.385
220.955
219.37
217.095
217.19
217.345
218.985
221.385
219.455
220.575
217.095
216.175
218.535
220.935
217.55
217.395
216.02
217.845
220.045
220.675
218.555
216.225
216.455
217.005
217.72
217.735
215.22
215.45
217.595
219.845
220.02
216.99
214.56
212.765
213.995
217.605
216.755
214.2
212.06
213.24
213.685
213.49
213.375
210.85
209.61
209.19
210.84
211.61
208.22
206.045
208.165
211.21
212.25
211.69
208.99
207.11
206.565
209.405
207.775
208.53
207.805
207.255
208.815
209.77
211.23
209.385
205.755
203.865
205.485
207.16
204.88
203.695
205.11
205.785
207.41
208.48
207.51
203.235
203.36
204.64
207.685
206.835
204.445
204.015
205.46
209.3
209.855
208.05
206.845
204.805
206.095
209.22
208.43
205.205
207.97
207.325
210.13
211.245
211.56
210.225
209.685
209.665
211.855
213.26
209.01
208.52
210.72
212.8
214.125
212.905
211.885
210.835
210.83
211.21
212.17
211.26
210.63
210.76
213.475
211.64
214.435
214.015
209.335
212.11
209.775
212.41
211.61
211.28
212.35
213.96
216.25
215.915
213.325
212.61
211.47
212.465
213.835
213.385
212.97
211.985
213.195
215.585
216.67
216.345
213.095
212.195
212.085
213.815
214.505
213.935
212.04
215.78
217
216.705
217.59
214.105
214.53
214.07
217.805
216.41
214.585
214.525
215.265
216.965
217.875
218.18
218.185
215.155
214.11
217.335
218.645
217.035
215.285
215.075
217.345
220.895
219.825
220.09
216.07
215.07
217.55
218.6
215.845
213.905
215.93
216.06
219.46
218.83
217.16
216.7
216.185
217.58
219.395
218.18
217.485
215.63
216.25
217.54
218.82
219.125
216.92
215.335
215.56
217.77
218.435
216.915
213.56
214.365
217.19
219.39
219.315
217.65
215.025
215.19
217.75
217.59
216.86
216.905
214.5
215.78
218.245
218.615
217.72
216.435
215.975
215.935
215.7
215.46
214.885
215.935
214.945
218.41
218.265
217.63
215.64
214.275
215.675
218.375
217.93
214.035
213.505
215.145
216.635
218.605
218.04
214.15
213.02
214.46
216.965
216.76
216.385
213.145
213.93
216.695
218.875
215.66
216.605
214.11
212.765
214.965
217.39
214.245
213.82
213.16
214.425
218.11
220.01
218.595
215.24
215.24
216.63
217.31
217.615
214.98
213.63
215.86
219.035
219.655
218.665
217.43
216.915
216.135
221.745
220.805
218.49
216.4
217.66
221.425
222.355
222.115
217.84
215.39
217.185
217.11
219.615
217.455
216.29
215.135
217.515
221.295
219.325
218.955
217.275
217.145
217.775
220.18
219.25
218.63
216.995
219.82
222.615
221.11
220.705
220.06
217.47
217.545
219.67
219.745
215.87
216.245
219.105
220.915
222.23
220.165
220.23
217.1
219.11
220.335
221.38
220.21
220.085
218.965
222.51
223.2
222.445
220.215
217.33
219.33
219.785
221.345
219.67
216.605
219.22
219.74
222.365
222.335
220.225
219.585
219.93
222.155
222.66
221.14
218.49
219.74
221.01
223.125
221.86
220.59
220.555
219.55
219.22
222.415
223.28
219.575
220.725
220.66
225.515
226.17
225.49
223.165
221.325
221.385
224.46
223.465
222.78
220.54
222.305
223.29
221.23
221.15
227.57
227.15
230.595
230.01
227.975
227.35
228.895
229.33
232.46
231.41
229.16
227.775
226.56
227.31
228.995
228.285
227.13
228.695
230.71
232.26
233.295
230.655
226.225
227.34
227.05
229.955
229.025
227.715
226.87
227.64
230.52
231.18
231.04
227.625
225.175
227.64
230.58
229.815
229.325
227.225
225.305
229.885
229.26
228.955
229.935
226.915
228.88
231.375
230.755
228.97
229.025
228.225
229.54
232.205
230.945
229.795
228.83
227.81
228.085
230.445
228.33
227.835
228.71
228.225
228.675
228.93
229.78
227.265
226.06
227.445
227.535
228.835
227.06
226.33
227.31
228.74
229.12
228.16
227.69
224.9
227.705
228.05
228.96
227.9
225.42
229.16
229.995
228.825
229.955
227.88
225.28
225.985
228.795
228.525
228.4
227.68
225.235
228.695
230.175
230.13
228.175
227.6
226.37
228.11
227.68
227.075
224.905
225.38
227.195
229.215
228.86
226.65
226.465
223.415
226.145
225.725
226.835
221.38
222.48
226.78
227.985
226.905
225.755
222.8
223.2
222.655
226.825
225.335
223.51
223.845
224.52
226.575
224.545
226.245
225.23
222.815
223.66
225.87
223.77
223.455
224.885
224.74
225.945
226.675
226.31
224.625
221.66
221.735
223.885
223.97
221.525
219.39
222.75
224.335
225.145
224.185
223.705
222.745
222.335
223.68
224.785
222.97
221.73
221.875
224.45
224.585
224.365
221.67
220.695
220.845
222.8
224.1
224.985
219.965
220.48
223.765
223.88
224.11
222.325
220.345
218.41
222.955
224.435
221.72
219.7
216.83
218.665
221.175
222.335
220.68
219.035
217.375
218.585
219.375
221.51
218.46
219.24
219.515
220.365
222.105
220.37
217.75
217.595
219.815
223.55
222.615
221.535
220.33
220.915
222.345
223.95
223.875
221.28
219.595
220.06
222.705
222.17
221.525
221.175
220.6
220.915
225.645
224.87
221.545
220.96
219.75
221.885
222.8
221.785
218.755
218.79
220.555
221.515
221.9
220.165
220.72
219.355
220.02
222.44
220.35
219.08
219.17
220.02
222.885
222.775
221.965
220.125
217.91
219.455
220.665
222.4
220.695
218.355
218.515
222.81
222.28
222.77
220.5
217.34
218.93
220.045
221.375
221.45
217.33
218.825
217.79
221.515
221.125
219.075
216.215
216.96
219.22
220.125
219.225
217.45
216.38
219.705
221.425
223.17
218.515
218.97
218.245
218.515
223.19
222.945
220.825
219.68
219.825
221.27
225.17
222.48
220.48
219.95
221.505
221.245
221.43
220.63
219.3
219.39
221.025
223.28
223.075
222
218.28
221.365
223.05
221.65
222.49
217.96
222.535
222.705
222.625
221.53
221.2
216.55
219.98
222.155
221.365
221.44
218.82
218.745
219.99
221.485
222.065
222.19
217.69
217.55
220.515
220.74
220.485
216.44
218.14
219.525
219.655
222.215
223.68
220.205
220.43
220.64
223.38
222.025
220.74
220.32
216.54
222.345
223.265
222.375
219.515
218.8
219.875
222.3
221.48
218.73
218.985
218.615
221.335
222.675
221.985
219.835
217.51
220.895
219.52
224.54
222.93
220.58
222.46
223.425
225.125
224.59
221.78
218.515
220.03
221.905
224.305
223.065
220.79
220.59
220.93
223.53
223.885
223.825
218.975
219.01
223.165
223.35
224.115
222.35
220.87
220.91
224.67
225.395
223.8
220.165
218.635
219.55
223.295
222.885
220.875
218.78
218.715
222.23
223.945
225.045
219.54
220.295
221.415
222
222.55
223.45
220.155
219.215
221.505
222.515
222.595
220.3
218.98
219.615
220.615
222.35
224.845
221.095
221.775
221.93
224.435
224.24
224.865
219.96
220.265
222.085
223.615
216.54
230.08
237.68
240.605
243.43
242.4
241.68
238.74
240.64
239.745
240.44
241.71
239.135
237.425
239.37
241.19
242.095
242.38
237.265
239.555
240.555
238.83
238.02
239.18
237.265
239.415
239.68
240.67
239.835
237.225
234.145
237.095
237.52
239.205
237.43
237.2
235.21
237.635
237.965
236.455
236.135
232.92
231.855
234.775
235.53
233.235
232.27
231.565
234.94
238.99
237.49
235.305
233.04
234.475
236.235
238.515
235.22
233.79
234.515
236.125
238.225
237.24
237.615
234.215
234.41
238.5
236.55
237.47
234.765
234.39
235.055
236.405
236.985
236.435
233.885
232.105
236.055
237.66
235.63
233.075
232.775
233.24
236.625
235.715
236.39
233.15
231.395
232.27
236.05
235.075
233.825
231.215
231.07
233.605
232.585
234.06
231.8
230.935
231.405
232.15
234.46
234.75
229.84
230.8
231.635
232.6
234.195
232.33
230.29
228.63
229.3
231.815
231.385
230.56
227.315
230.045
232.475
231.105
230.41
228.495
227.685
230.33
230.42
232.1
228.325
228.725
229.585
228.635
230.905
230.335
229.065
226.605
229.15
230.57
228.87
226.2
226.335
228.03
231.28
231.13
229.92
227.955
226.76
226.785
226.97
227.755
227.05
225.28
225.52
225.675
226.575
229.09
227.89
224.95
226.165
227.3
229.385
227.58
225.48
224.12
227.195
228.32
229.46
228.9
227.22
228.88
230.1
228.685
229.71
227.385
226.485
227.8
229.055
231.45
228.005
227.125
226.4
226.495
230.91
229.06
228.135
228.29
228.3
228.775
228.955
229.195
227.69
225.555
227.645
228.995
229.885
228.73
228.12
225.4
228.15
229.445
230.51
227.49
223.595
225.315
228.115
227.19
226.81
226.435
226.405
228.305
229.75
229.05
228.465
224.685
224.95
226.605
227.39
229.125
225.44
225.47
228.11
228.76
229.87
229.53
224.985
225.955
225.965
229.49
226.705
225
225.46
226.455
227.44
229.765
227.9
227.17
224.33
227.435
228.55
230.04
226.985
224.78
223.815
227.285
227.535
228.21
223.56
222.045
224.41
222.785
222.085
222.54
220.605
222.125
222.965
223.64
221.7
223.005
217.625
217.34
219.905
218.38
220.115
217.605
218.51
220.24
220.125
221.115
222.19
215.58
214.475
215.39
215.8
216.905
215.955
215.7
218.69
222.55
222.65
219.885
219.405
217.005
218.165
221.26
220.075
218.65
218.085
218.35
220.355
219.99
220.95
219.855
217.86
218.555
220.105
221.18
222.305
220.26
220.445
223.265
224.045
222.605
223.875
219.6
220.94
222.44
222.835
222.35
219.69
220.125
223.58
224.76
225.105
223.43
222.255
221.035
220.11
223.575
222.22
218.975
218.82
220.505
221.07
221.66
221.735
217.575
218.955
220.53
223.45
220.565
219.64
219.78
220.6
222.525
222.08
222.855
221.06
219.74
221.525
223.115
222.91
220.51
218
220.615
223.61
225.615
224.89
222.245
219.99
220.69
224.5
223.25
221.935
220.8
220.73
222.125
223.89
225.755
222.045
221.89
222.67
223.88
224.255
222.515
221.975
220.365
223.075
225.185
225.5
224.57
222.645
220.75
222.67
224.59
225.37
223.38
222.275
222.16
225.065
226.56
223.665
221.915
222.455
220.46
223.11
223.12
222.215
220.825
222.285
223.28
225.48
225.48
223.56
221.005
221.255
221.11
223.34
220.935
221.545
223.675
225.65
226.425
226.49
226.895
222.24
223.745
224.93
226.265
225.455
222.195
222.125
225.045
227.2
230.215
226.385
225.205
223.725
226.2
225.865
227.51
225.75
225.92
225.935
230.995
229.78
230.965
226.975
226.475
228.77
229.755
230.785
229.05
227.3
228.585
230.355
230.71
226.495
231.43
238.05
239.955
242.835
239.775
238.685
239.205
239.495
242.775
242.585
239.975
235.845
236.12
238.175
240.315
239.425
238.775
237.055
240.02
240.185
240.95
240.485
238.565
237.315
238.45
240.91
239.6
238.215
237.2
237.585
240.39
240.555
240.04
237.3
236.755
239.37
239.41
237.87
237.97
236.995
236.65
239
241.44
239.99
238.975
237.285
236.705
238.575
240.56
237.07
235.165
236.275
239.04
241.41
239.67
240.415
235.215
235.705
239.57
238.685
238.32
236.01
235.735
237.725
238.435
238.675
235.875
235.005
232.19
235.185
235.055
235.715
232.435
231.15
230.1
232.655
233.35
233.55
233.1
231.55
232.155
234.705
233.25
233.155
232.01
232.285
233.465
235.28
233.26
234.035
230.24
230.645
233.24
233.485
232.45
231.72
230.28
233.48
234.18
234.235
231.6
230.21
230.57
232.295
232.815
232.575
231.23
229.145
229.04
233.2
231.89
232.635
229.515
229.085
231.04
231.875
228.565
227.59
226.725
227.195
230.455
229.75
230.61
226.56
225.105
226.47
225.48
227.65
225.71
224.255
225.63
227.005
228.35
228.71
226.44
224.685
226.31
227.53
227.795
224.94
223.5
223.675
226.47
226.975
226.81
225.005
223.65
223.195
224.91
225.075
226.14
221.675
222.49
223.65
227.06
226.535
224.905
223.135
221.215
222.955
223.525
223.22
219.2
218
220.43
222.745
221.63
222.56
222.225
219.565
220.065
222.45
220.575
220.19
218.64
219.645
221.57
224.195
221.855
221.105
221.44
221.795
224.94
224.4
221.71
219.285
222.195
222.22
224.555
224.81
222.305
220.355
221.165
223.02
224.125
225.5
222.945
221.515
227.47
227.175
225.55
223.775
222.93
222.23
223.98
225.995
224.61
222.635
222.6
224.765
226.335
227.015
225.01
221.935
221.91
223.13
222.61
223.775
222.575
221.375
223.1
225.005
226.385
226.09
222.355
220.79
221.56
224.275
224.44
221.125
220.52
221.64
225.45
226.445
224.53
221.455
221.455
222.68
222.79
223.565
223.235
220.57
221.235
225.295
226.16
223.58
222.82
221.04
220.535
223.645
224.875
222.35
220.105
220.815
223.53
224.75
225.44
224.3
221.35
220.12
224.595
224.555
224.365
223.95
221.955
224.715
225.025
225.785
224.615
222.38
220.73
223.38
223.02
223.935
221.74
221.235
222.125
223.975
224.09
223.07
219.395
216.92
219.515
220.05
218.79
220.395
217.835
215.995
221.025
222.525
222.755
220.065
216.71
217.46
218.81
219.675
218.555
216.94
216.735
217.885
219.79
219.44
215.81
215.445
215.74
217.305
219.59
218.79
215.485
214.785
218.335
220.17
219.56
219.26
215.32
215.91
218.785
219.525
219.145
216.575
216.7
217.175
220.83
220.76
220.9
217.44
218.07
218.855
218.86
219.3
217.905
217.605
217.965
220.725
220.785
219.565
219.28
215.9
216.935
219.97
222.11
220.05
216.74
218.37
221.405
221.11
221.255
219.34
216.665
216.215
218.115
218.615
217.525
215.88
215.175
216.365
217.57
220.95
218.555
214.87
214.89
216.395
219.09
216.805
214.845
214.905
216.39
219.295
219.705
218.375
217.655
215.885
216.35
218.72
218.975
218.495
215.325
215.795
219.7
220.855
217.48
216.65
214.515
217.575
219.74
219.355
217.54
215.46
215.74
217.63
217.04
217.185
215.645
213.805
213.595
216.245
219.5
218.53
213.57
215.075
217.33
218.325
217.74
216.23
216.46
214.925
216.23
218.87
217.925
215.22
214.59
215.475
218.865
218.6
219.195
215.595
214.24
215.945
217.84
218.685
216.49
216.225
215.685
218.155
218.25
217.505
214.98
213.44
214.675
217.315
217.22
210.955
223.72
232.02
234.185
232.27
232.235
230.28
228.83
229.43
231.73
232.155
228.38
229.75
230.46
232.405
233.575
230.805
229.615
228.02
228.725
229.31
230.55
229.735
229.05
232.435
234.11
233.995
232.65
229.7
228.9
229.65
231.585
231.855
231.545
229.095
229.8
231.675
232.315
232.39
229.66
224.4
226.08
230.835
228.825
229.005
227.815
226.57
229.58
231.185
230.085
226.765
226.14
228.64
232.33
232.635
233.27
230.55
229.365
233.085
235.295
231.85
231.845
228.72
228.41
231.135
234.43
232.89
230.565
228.915
230.58
231.91
233.105
233.48
230.34
229.505
227.385
231.8
231.515
230.03
229.425
228.23
232.96
231.605
231.695
229.395
227.475
229.915
230.59
231.17
228.66
226.945
228.785
229.615
232.365
232.54
232.09
228.21
228.815
229.055
229.53
229.32
227.205
226.445
229.265
228.98
230.89
230
228.05
227.78
228.46
230.305
227.815
227.81
224.76
227.445
227.22
227.555
229.075
225.68
225.535
224.525
225.13
225.655
224.105
225.045
225.665
226.795
229.105
227.65
226.155
225.5
224.105
226.2
226.64
224.71
223.86
226.85
229.275
228.445
228.505
225.85
224.97
221.265
223.69
225.55
223.455
223.955
221
226.515
226.615
227.415
225.25
220.675
219.635
220.85
224.125
220.655
220.675
218.95
222.74
221.17
220.355
222.255
220.33
217.435
219.545
219.075
218.62
215.745
216.215
218.735
222.5
222.19
221.435
217.14
216.835
219
218.545
220.66
216.415
215.87
219.2
221.98
223.395
222.995
218.185
218.39
216.935
220.445
219.51
218.21
218.265
218.225
222.315
221.605
221.39
219.255
216.9
216.935
217.805
217.215
217.265
213.665
215.95
218.7
220.54
219.875
219.095
215.63
214.845
215.06
217.115
216.64
214.565
215.275
218.815
219.88
219.51
218.73
216.48
215.31
213.89
216.275
216.555
215.445
215.065
215.125
217.145
217.13
218.54
216.535
214.745
214.875
216.21
216.995
216.515
213.715
214.955
218.66
219.095
219.225
216.63
215.275
214.445
216.37
217.52
216.59
213.345
212.78
216.915
221.475
220.58
217.95
217.125
217.1
217.55
218.84
218.635
216.505
217.55
219.005
221.24
221.88
220.29
217.925
216.225
217.795
217.67
218.465
215.04
216.905
218.48
219.765
219.015
219.31
217.045
215.17
215.585
217.19
216.825
215.845
215.075
215.34
218.515
219.785
216.9
216.46
213.95
212.43
215.465
216.705
214.74
214.78
215.265
216.06
216.805
216.65
213.81
213.45
212.98
213.51
214.01
214.75
213.185
213.025
213.86
217.295
216.19
215.565
213.255
211.82
212.42
215.605
214.71
213.23
211.65
215.595
216.13
216.705
215.345
214.05
212.87
213.515
215.3
216.015
213.395
212.11
215.05
217.28
218.545
217.96
216.225
213.25
212.865
214.775
216.17
212.225
213.83
211.865
216.315
215.585
216.07
214.055
211.87
212.62
214.51
213.575
213.1
212.115
214.19
214.84
218.25
216.9
215.445
211.555
212.105
213.735
213.665
214.365
212.765
210.435
214.715
216.915
217.775
215.03
212.895
212.775
211.445
214.615
212.135
211.78
212.655
215.21
216.57
216.91
217.88
215.24
214.48
212.67
215.415
216
214.69
213.54
216.295
219.795
219.91
219.97
217.04
215.92
215.11
215.765
214.04
213.11
212.27
213.41
215.305
218.57
216.905
216.045
214.055
213.3
211.635
213.97
211.68
211.64
213.72
215.395
217.395
218.055
217.61
214.73
212.65
212.44
215.42
214.885
214.34
214.42
213.31
216.055
218.965
216.845
213.87
212.9
213.1
216.765
216.065
214.835
211.635
213.805
216.475
218.635
217.085
210.025
210.06
217.935
219.03
219.22
217.645
219.08
222.8
222.755
223.52
222.21
218.73
218.72
218.905
221.91
220.86
219.575
218.5
220.735
223.84
222.565
223.405
220.305
217.01
217.135
219.115
219.315
217.65
217.31
219.325
221.765
222.195
221.155
219.98
216.485
217.785
219.44
219.065
216.9
215.62
218.91
221.56
222.355
222.345
218.33
216.075
217.215
219.025
219.965
218.03
218.98
220.805
221.055
223.475
224.54
222.1
218.53
217.21
218.55
218.775
216.895
216.125
216.72
221.035
222.06
222.3
222.575
217.47
217.565
217.29
218.46
217.915
215.42
215.11
217.475
218.285
221.215
218.895
217.075
214.945
215.005
215.135
214.975
213.43
213.545
214.525
218.11
216.65
218.255
214.535
213.29
213.38
214.845
215.88
216.945
214.82
214.76
218.755
220.315
221.285
218.745
215.555
215.88
216.84
218.73
216.47
215.91
216.44
218.395
219.505
219.955
220.215
215.29
215.575
216.215
215.9
216.775
214.425
213.2
216.405
219.615
221.045
219.355
216.465
215.675
213.925
215.71
214.745
213.885
213.68
214.575
216.01
217.425
217.6
214.825
211.525
212.5
213.13
212.585
211.685
210.13
212.555
216.845
217.35
216.75
216.595
212.74
211.85
210.815
213.545
211.455
210.49
209.345
213.18
214.225
214.415
212.11
211.04
209.955
211.88
211.785
210.17
210.03
208.28
211.34
212.92
214.59
213.08
210.91
208.81
208.825
210.815
210.85
209.755
210.385
211.93
214.47
216.25
215.23
212.81
211.025
209.845
210.17
210.77
211.29
208.54
210.56
212.58
214.49
214.78
212.845
209.835
208.985
208.925
208.6
209.64
209.53
209.31
211.205
213.685
213.695
214.69
212.015
209.75
210.215
210.84
210.83
209.855
211.59
213.75
215.045
215.445
216.005
211.12
210.745
210.525
213.26
211.57
210.96
211
212.3
213.92
214.405
213.675
210.935
209.755
208.445
212.26
212.83
210.41
208.97
211.3
213.385
213.15
212.765
211.07
208.235
209.16
210.655
210.25
209.415
208.205
210.61
212.385
214.71
213.325
212.705
209.78
209.03
210.595
211.825
209.325
208.04
210.065
213.565
215.515
212.85
213.3
209.51
207.835
208.295
209.09
210.135
208.405
209.865
211.225
214.32
212.21
213.715
211.395
207.73
208.105
211.425
209.44
209.735
206.515
209.345
210.755
212.12
213.005
210.16
207.1
207.04
207.97
209.555
206.89
207.38
207.685
210.845
211.68
212.285
210.41
207.505
206.57
205.71
206.525
203.77
205.4
206.1
209.585
211.365
211.24
209.72
207.18
208.01
207.965
208.195
206.7
207.745
209.205
208.735
211.6
212.045
210.26
208.35
205.175
207.105
206.485
207.13
204.225
204.49
204.1
206.6
209.635
207.145
205.28
203.775
203.95
204.145
206.155
203.5
201.845
202.97
204.14
205.505
206.435
204.51
202.48
200.44
201.3
203.11
201.39
200.78
201.135
204.925
205.325
206.285
203.47
201.055
198.79
197.91
200.545
200.005
200.765
200.295
202.485
203.995
204.46
202.965
200.4
200.695
199.86
200.55
200.495
200.385
199.46
203.145
205.56
204.715
205.745
204.55
203.54
202.13
203.69
206.095
206.115
205.245
205.725
210.72
211.69
209.1
208.34
206.395
205.235
205.505
207.845
206.495
206.1
206.615
207.445
210.035
210.265
207.42
205.02
206.315
206.68
205.455
207.03
204.995
205.02
207.895
208.21
209.69
208.63
206.35
206.335
205.365
207.34
206.965
205.03
205.885
206.88
211.13
210.06
211.69
208.985
207.865
207.08
207.71
207.9
207.065
207.215
209.08
212.57
213.26
211.735
210.16
208.885
208.095
209.18
210.99
208.44
203.63
212.45
223.63
224.95
224.455
222.51
219.995
221.27
224.15
222.34
222.065
223.785
225.11
229.185
230.345
228.21
225.465
223.75
223.915
225.82
225.03
223.175
224.76
225.63
228.135
229.76
229.025
226.88
226.2
224.695
226.965
228.17
225.08
223.785
224.865
228.195
225.955
229.785
226.29
222.63
223.575
224.965
225.79
225.77
224.67
225.145
226.385
227.835
229.36
226.855
224.475
224.825
224.495
228.99
225.325
225.555
224.32
226.49
228
226.76
225.165
223.295
221.81
220.245
223.04
221.21
220.08
220.16
220.48
224.505
225.485
224.11
220.395
220.355
218.69
217.83
218.875
217.065
215.165
216.905
218.09
220.415
220.18
218.715
214.905
215.31
216.55
218.475
219.11
215.3
220.11
221.86
223.46
222.415
222.82
219.93
219.7
219.765
222.285
220.915
221.13
220.405
221.755
224.135
226.09
223.765
222.845
220.625
221.355
222.87
223.67
222.725
223.215
223.53
226.94
227.33
227.885
226.95
225.7
225.19
226.06
226.395
223.525
223.27
222.065
225.355
227.965
228.31
226.235
225.82
222.925
224.865
226.21
224.48
221.32
221.735
227.125
227.355
226.655
224.41
221.375
219.82
220.86
224.205
221.965
221.38
220.1
222.18
225.84
226.57
223.605
220.545
219.405
221.455
224.91
223.78
222.645
221.875
224.315
224.4
227.27
224.635
222.755
221.93
219.375
220.755
221.995
220.61
220.33
220.305
224.485
226.18
224.1
222.695
221.225
219.675
222.605
222.805
221.44
220.685
219.65
223.79
223.42
223.61
221.435
220.065
219.845
220.25
221.705
221.685
217.585
217.73
220.54
224.315
222.805
223.07
218.935
218.44
219.715
221.385
219.87
220.045
218.845
221.14
222.705
222.105
220.685
217.655
217.995
218.405
218.39
217.81
216.93
217.01
219.045
223.01
221.535
221.16
220.115
217.915
218.27
219.915
219.21
219.165
217.27
218.3
222.65
224.03
222.28
221.945
219.01
219.665
219.195
221.29
220.425
218.205
219.165
220.97
222.565
222.9
219.225
216.04
216.195
216.955
218.63
216.97
214.185
213.93
215.905
218.865
218.685
218.435
216.525
213.405
214.98
216.885
216.355
214.55
215.39
217.02
220.44
220.495
221.14
216.89
217.425
216.955
217.3
218.55
216.575
215.65
216.54
219.21
221.92
220.63
220.68
215.98
216.77
217.82
217.59
217.23
215
215.16
218.625
217.59
218.04
213.72
211.725
211.09
211.095
214.195
212.115
209.725
212.24
212.11
213.255
215.37
212.67
211.365
211.54
211.785
212.59
212.43
210.39
209.07
212.045
213.54
213.11
213.965
212.675
209.75
210.56
211.02
210.01
209.085
208.9
211.755
212.235
213.85
212.86
211.325
209.66
210.11
210.49
213.565
211.335
208.99
211.535
213.89
216.53
216.055
214.87
211.425
213.625
213.92
217.605
218.68
219.605
221.39
221.185
222.6
222.265
224.205
219.39
220.475
220.735
222.42
222.195
220.185
218.84
219.415
223.31
222.36
224.15
219.345
219.02
219.23
221.795
222.825
219.305
219.185
220.865
221.885
226.045
224.96
221.995
221.235
220.7
219.66
222.35
222.15
220.935
219.57
225.21
225.905
223.29
224.265
219.19
220.225
221.905
223.17
222.345
221.725
221.46
223
223.29
224.345
221.475
220.39
220.155
222.02
222.83
222.88
221.16
221.095
220.625
222.37
224.895
224.055
220.66
218.975
219.47
223.09
222.45
219.86
218.805
222.015
223.165
224.405
223.8
222.625
221.405
220.66
223.445
222.85
222.78
220.01
219.45
221.075
225.01
223.66
222.045
221.055
221.04
222.15
222.08
222.48
219.88
220.445
222.925
222.55
220.815
218.925
214.28
214.275
222.07
221.875
219.935
221.01
221.005
224.505
225.84
222.81
222.475
221.35
220.895
223.115
224.095
221.735
219.425
221.755
224.075
224.405
223.38
222.775
219.24
219.515
222.34
224.99
222.59
221.295
222.095
224.88
225.985
223.66
223.39
221.98
222.21
222.145
225.08
225.28
220.88
223.37
226.35
228.655
228.575
226.375
225.505
223.585
223.265
224.59
223.98
222.665
223.405
222.345
226.025
228.2
227.13
226.06
225.59
225.365
225.25
226.985
223.63
225.705
224.42
226.19
229.005
230.03
225.775
223.255
224.38
225.235
227.99
224.295
224.115
224.78
226.99
228.935
228.48
224.94
225.82
223.505
223.705
224.355
225.225
224.285
224.14
223.45
226.42
227
224.79
222.795
223.72
224.83
225.7
225.665
222.58
220.845
224.15
226.975
225.315
227.05
225.255
220.65
223.575
225.055
227.175
225.095
222.11
223.19
224.625
225.865
223.98
224.35
221.09
220.515
220.065
222.905
223.29
221.335
221.65
224.955
224.13
225.865
223.435
220.305
220.545
220.77
221.62
222.14
221.275
222.15
223.85
223.575
226.215
223.92
223.22
219.195
220.145
222.715
220.89
219.53
218.805
220.265
222.61
221.765
223.135
217.73
217.345
216.575
216.835
218.1
215.765
215.07
215.3
217.645
220.685
219.145
218.2
217.165
215.55
216.405
218.72
217.055
217.605
217.095
218.625
219.7
220.47
218.97
217.025
216.9
217.76
219.33
217.135
214.21
213.195
217.55
219.575
219.33
219.645
216.22
215.255
215.135
217.475
215.67
214.335
214.12
217.565
219.045
219.92
218.07
216.655
214.63
214.555
211.55
216.505
215.05
214.915
213.7
217.61
218.515
215.17
215.48
213.065
210.535
211.715
214.885
211.22
211.545
214.66
215.565
216.005
217.88
216.335
212.045
214.205
212.975
213.52
211.21
212.335
214.625
214.04
218.535
218.745
219.08
216.43
214.935
214.745
213.705
213.95
212.11
214.025
215.255
218.225
220.195
219.135
216.26
216.125
213.785
214.655
215.215
215.66
213.81
216.87
220.69
218.51
218.88
216.3
215.9
213.575
212.66
215.01
215
214.18
216.44
218.575
219.615
218.07
215.79
213.3
214.145
215.42
216.015
215.45
214.325
215.58
218.945
219.8
216.935
218.885
214.39
213.68
212.73
214.315
213.92
213.725
215.71
218.325
219.325
218.535
217.935
215.975
214.185
213.56
213.61
215.315
214.22
213.515
216.3
218.74
219.155
217.39
215.065
214.165
213.1
214.495
213.77
212.235
212.815
214.08
216.6
217.085
216.865
215.335
210.625
212.205
213.275
215.085
215.08
213.09
213.105
216.345
219.77
217.715
217.11
211.7
212.075
212.03
212.205
211.655
211.615
212.12
214.2
215.38
215.02
213.32
210.56
210.045
211.27
211.79
210.745
210.945
210.545
212.47
216.25
216.205
216.075
213.39
212.375
211.28
210.915
213.385
213.48
211.735
214.795
215.92
214.115
215.955
213.975
211.85
209.795
211.15
211.73
212.305
212.42
212.31
216.785
216.64
216.22
214.745
213.38
211.675
210.565
213.715
213.27
212.69
212.74
214.51
215.53
216.25
215.8
212.305
210.81
212.2
213.945
212.835
214.225
213.075
214.53
218.225
217.61
215.985
214.37
211.405
213.42
213.795
214.39
212.26
214.515
214.845
218.49
217.5
217.45
216.405
214.225
213.845
216.485
213.985
213.375
214.3
216.92
217.4
219.455
220.22
217.635
214.81
215.03
215
214.52
214.44
214.115
213.705
215.76
219.205
217.685
215.19
213.255
209.72
212
212.01
210.45
208.54
212.27
213.345
216.855
217.015
214.415
212.78
212.545
209.665
213.125
211.3
210.54
205.57
230.375
234.425
236.295
236.6
233.08
232.59
233.015
233.12
233.72
235.375
235.845
236.885
238.83
239.045
237.68
235.765
235.36
237.43
238.415
236.305
236.965
236.815
239.44
238.74
239.985
238.95
237.67
235.135
236
235.645
238.49
236.485
238.645
240.18
241.825
241.375
239.92
239.125
235.945
238.67
237.22
239.675
237.26
238.5
237.375
240.935
240.21
241.08
238.94
237.21
236.93
238.775
237.775
238.735
236.94
235.965
240.27
241.625
241.815
239.61
236.89
236.53
235.035
236.035
235.645
236.83
235.67
236.215
238.285
238.26
236.125
236.02
234.92
234.64
236.765
236.34
235.185
236.065
236.47
238.495
239.47
238.9
236.21
235.52
234.995
235.935
234.865
234.64
234.235
234.84
237.735
238.47
238.24
236.19
234.69
234.995
236.2
236.16
235.74
233.8
234.81
237.025
237.755
238.115
235.585
236.61
233.335
234.85
235.825
234.495
233.43
234.53
235.275
237.14
237.52
238.275
233.065
233.14
232.425
233.42
232.685
231.95
232.725
233.785
235.81
236.17
236.535
233.495
232.525
233.82
235.585
234.295
232.01
232.745
232.875
236.13
235.22
236.795
232.56
232.625
232.49
232.37
233.87
234.055
233.38
233.425
237.36
237.725
236.16
238.36
233.005
233
234.375
235.83
235.83
234.805
234.83
236.395
238.915
239.535
236.42
237.085
235.24
236.61
236.205
235.665
235.285
235.135
237.995
238.925
240.37
237.72
235.885
236.505
236.405
237.45
236.2
236.77
237.065
237.155
239.8
238.645
238.075
238.28
237.05
235.12
234.975
236.305
235.9
237.05
236.945
238.74
239.205
239.61
236.465
236.375
234.8
234.3
237.41
234.955
235.305
237.415
238.66
238.59
237.74
238.37
235.59
235.63
235.215
237.595
236.96
236.455
237.25
239.715
238.335
241.8
237.915
238.775
236.48
238.995
236.61
238.05
236.86
237.63
238.025
240.45
241.395
240.255
241.055
236
238.1
239.005
238.41
237.33
235.485
235.86
237.66
238.575
237.115
238.28
235.445
234.8
238.12
236.03
235.55
233.03
236.285
236.295
237.915
236.725
238.06
233.17
233.43
234.14
234.45
235.385
233.83
233.675
234.47
238.49
236.27
234.575
234.28
233.105
233.39
233.58
232.58
232.605
233.25
233.98
236.29
234.14
235.88
233.465
232.615
233.31
234.835
232.78
232.595
231.145
233.045
233.945
233.835
232.455
232.82
229.925
230.58
232.22
233.035
229.485
229.24
232.045
233.76
234.885
233.68
232.08
230.915
230.21
231.785
233.935
231.06
230.21
231.5
234.505
235.085
234.765
230.74
230.99
231.335
232.465
232.035
230.155
230.085
231.75
232.1
233.99
233.155
233.49
230.105
229.005
233.125
232.89
233.225
231.875
231.6
231.475
235.775
236.725
233.12
233.11
230.295
229.95
232.385
232.255
231.025
229.99
232.27
233.44
233.715
233.725
231.805
229.12
230.225
231.235
231.65
230.25
229.02
229.12
231.815
233.83
230.585
230.93
226.775
227.56
229.585
230.52
232.715
230.495
227.645
233.45
231.08
230.74
227.295
224.76
224.01
225.315
223.66
225.795
223.995
224.625
227.925
228.665
228.88
228.855
228.07
225.885
225.9
226.005
223.48
223.22
224.03
222.995
228.03
226.605
227.545
225.095
223.52
224.575
224.39
225.955
222.45
221.655
222.84
226.29
226.29
223.775
223.28
221.765
220.955
220.595
221.27
221.095
218.66
218.69
220.81
223.485
223.67
221.35
218.065
217.835
218.22
219.135
217.615
216.125
214.52
219.17
219.555
221.595
219.75
218.585
216.37
218.14
219.215
220.18
217.08
216.065
219.105
222.11
221.645
220.595
216.945
212.43
230.125
239.015
237.655
236.07
235.81
238.455
240.93
240.745
237.23
237.57
236.49
238.785
239.395
240.77
239.26
239.53
240.25
239.88
241.065
241.71
238.695
238.89
239.755
242.6
241.32
240.685
239.38
239.525
242.26
240.92
240.555
239.21
238.12
239.93
241.96
240.865
241.705
239.21
238.54
240.94
239.635
241.56
240.8
238.9
240.3
242.05
241.12
241.165
238.835
240.475
241.835
242.27
242.425
241.72
240.935
241.135
240.045
242.795
242.195
238.89
239.92
240.2
240.39
241.45
240.44
239.74
240.55
240.475
239.98
242.1
239.175
240.47
240.05
240.925
241.695
240.835
239.325
237.43
239.27
239.725
241.04
240.265
238.615
239.48
240.565
240.755
240.61
240.66
240.645
239.27
238.405
240.55
241.27
238.995
240.715
241.235
240.225
241.845
240.685
239.515
239.78
239.74
242.035
240.39
238.79
238.955
240.935
240.64
239.985
240.03
238.15
240.01
240.035
238.775
241.53
238.64
236.92
238.665
241.05
240.49
240.485
239.335
238.245
239
240.285
239.025
236.75
236.585
236.58
239.695
237.545
238.16
236.125
236.02
236.42
238.305
238.905
237.085
235.22
236.465
237.03
238.755
238.295
238.125
236.925
237.81
239.225
238.735
237.325
238.195
237.74
238.585
238.525
239.335
238.025
237.68
237.65
239.91
240.21
241.005
237.115
238.48
238.385
241.955
241.44
239.795
240.22
239.775
239.845
239.74
240.905
239.87
236.99
239.19
241.12
239.835
240.28
238.27
238.57
239.36
240.83
241.92
238.735
238.88
237.885
240.11
239.98
239.84
238.265
237.905
237.63
239.2
239.04
238.86
236.305
238.51
238.875
238.805
239.41
237.55
237.165
234.825
238.775
239.175
236.54
236.7
236.42
236.77
238.015
238.555
237.26
238.16
236.29
238.175
238.09
238.68
236.495
236.66
236.96
241.26
238.24
240.94
238.255
237.42
237.69
239.21
239.525
239.63
238.075
237.665
237.89
239.125
239.645
237.295
236.525
237.04
237.76
239.32
237.51
236.85
236.315
236.66
239.105
239.265
237.48
234.33
235.52
236.225
239.385
238.31
235.02
236.245
235.215
238.93
238.01
236.125
236.44
235.18
235.025
238.02
238.36
236.595
233.04
236.47
237.385
234.27
234.975
233.465
232.68
236.325
237.825
238.03
233.615
234.335
235.38
234.935
235.365
234.23
231.395
230.925
234.35
236.13
234.605
231.965
233.55
232.66
234.46
233.665
234.115
231.725
233.25
235.575
235.89
236.15
236.395
235.26
232.6
234.415
236.73
235.165
235.85
234.695
235.25
239.415
237.955
238.315
235.54
234.165
236.835
238.22
237.905
237.24
235.595
234.665
239.83
240.88
237.31
237.495
236.41
236.775
238.415
239.98
238.875
238.025
239.48
239.94
240.51
242.5
239.755
236.465
237.875
237.155
240.21
238.51
237.42
236.11
236.92
238.495
240.46
235.605
234.06
234.695
235.56
236.835
236.635
236.47
234.855
236.04
236.615
238.13
235.91
234.68
231.315
233.885
235.73
233.25
234.335
231.54
232.605
235.345
237.77
238.945
236.55
231.405
231.25
233.27
233.62
233.52
229.44
229.535
230.51
232.035
233.5
231.975
230.745
230.05
231.345
232.97
229.99
228.625
228.535
229.265
230.8
229.53
231.75
227.56
228.49
231.01
230.33
229.715
228.07
226.005
227.895
228.35
229.995
228.385
226.015
224.575
227.61
229.475
226.785
226.09
223.82
221.26
224.515
226.905
227.365
223.03
222.08
220.585
223.76
224.385
223.835
221.26
221.58
221.03
224.01
222.885
221.78
219.865
219.98
221.74
223.73
221.48
217.845
219.665
219.925
222.755
224.125
220.805
218.4
211.79
233.915
241.435
239.285
238.86
241.515
241.615
242.845
241.875
240.35
237.61
238.315
240.92
241.72
240.56
239.21
238.445
241.895
243.345
243.55
239.615
241.255
239.05
239.785
243.085
242.545
240.41
240.14
241.22
242.215
241.83
241.01
238.25
240.395
241.795
241.82
240.165
239.995
240.195
239.685
242.46
241.395
240.67
240.2
238.925
240.505
240.54
242.18
242.13
238.81
238.565
240.075
241.59
239.405
238.93
240.805
240.385
239.085
241.28
239.705
239.775
239.5
241.745
242.685
240.36
240.84
239.22
239.085
239.43
241.37
240.625
239.92
239.21
240.13
241.05
239.225
239.24
240.28
239.49
240.675
239.225
239.625
237.91
238.99
237.27
238.15
239.615
239.285
237.96
238.365
238.02
239.63
239.07
239.65
236.08
237.075
239.615
240.98
239.525
237.42
237.765
238.285
239.64
241.335
239.925
237.24
237.895
238.16
240.555
239.865
239.71
236.495
238.545
239.55
239.195
238.375
236.37
237.895
238.53
239.575
239.155
239.71
236.045
237.865
239.325
239.75
238.67
238.82
235.19
238.335
239.89
239.69
239.925
238.865
239.485
238.195
241.065
238.935
236.84
235.715
236.755
238.75
237.405
238.33
234.955
236.33
238.18
237.72
238.485
237.465
234.75
236.78
237.645
237.405
239.155
237.785
236.695
237.85
238.885
239.11
240.74
238.255
240.93
241.4
240.565
240.825
239.55
239.645
239.68
240.095
243.225
240.385
239.38
241.115
241.06
242.065
241.285
241.17
239.535
239.28
240.905
240.755
241.505
238.21
238.335
241.28
241.89
240.96
240.91
237.065
239.11
240.015
239.2
238.995
240.31
238.55
239.425
239.01
240.5
240.195
238.955
238.4
237.425
238.99
239.1
239.59
236.07
237.375
240.055
240.275
238.34
237.92
237.46
238.475
239.725
239.115
236.485
238.37
237.705
236.985
238.405
238.83
239.005
237.35
236.5
236.585
238.985
237.865
236.355
237.495
235.825
239.985
239.05
239.51
235.71
234.025
233.9
237.3
237.425
234.745
234.765
235.575
234.195
234.88
236.365
235.155
234.4
234.105
235.325
234.86
235.97
232.51
234.21
236.665
236.545
234.84
234.87
234.86
234.39
235.9
236.43
234.905
231.48
231.48
234.105
234.94
236.23
233.615
234.195
232.84
233.545
234.325
234.425
231.615
232.07
232.3
233.85
234.205
233.88
230.72
230.69
231.355
233.785
232.725
230.19
230.69
229.59
231.34
230.67
230.975
230.415
229.53
230.255
230.855
230.265
229.82
228.365
228.33
229.435
228.44
231.945
231.275
228.72
229.725
232.785
231.91
233.15
232.085
230.52
231.35
236.115
233.96
233.91
231.11
230.74
233.375
235.305
235
231.17
232.1
232.375
235.825
234.945
233.28
232.42
232.345
234.22
234.75
235.55
232.84
232.93
232.435
233.315
232.68
234.74
232.27
231.95
232.215
233.19
232.175
232.005
232.265
229.24
234.24
236.11
235.095
234.305
232.995
230.795
232.06
231.81
232.565
230.525
228.905
231.75
233.42
235.76
230.17
230.565
231.13
231.9
232.11
231.38
229.115
228.82
231.19
232.82
232.625
231.855
227.41
229.445
229.02
231.335
232.375
227.04
227.905
229.84
230.53
232.345
230.58
225.61
226.8
229.23
227.67
228.335
225.305
224.235
223.465
228.205
228.45
229.275
225.375
224.55
225.56
227.875
227.905
225.305
225.215
226.005
227.06
228.975
228.4
224.09
223.915
221.53
223.395
223.04
224.695
221.07
221.63
222.405
225.54
223.975
222.83
219.72
221.28
221.81
223.955
223.375
221.25
221.57
220.335
226.63
226.99
224.295
223.63
221.38
221.97
223.45
224.26
222.145
218.96
215.575
241.12
246.02
243.735
242.49
242.955
246.295
245.36
242.62
242.485
243.58
243.75
246.23
246.725
243.78
242.575
243.96
244.12
245.76
245
244.225
244.615
245.21
247.185
244.56
245.62
243.96
243.055
247.065
247.41
246.07
245.1
246.2
244.805
248.14
247.185
246.915
245.43
246.52
246.995
249.99
247.86
245.3
247.22
246.41
247.05
247.525
247.01
244.875
247.035
247.255
247.045
246.57
244.76
245.4
246
246.145
247.34
246.405
246.275
243.22
244.695
244.13
245.85
244.535
241.69
242.795
243.825
245.97
245.315
243.46
243.075
242.985
243.465
243.67
242.495
241.885
242.29
241.365
243.645
245.565
241.85
241.905
241.48
243.44
244.37
245.12
241.83
242.705
242.52
245.34
246.995
243.975
239.68
242.515
243.38
242.87
243.805
242.555
242.535
241.525
243.695
244.285
244.735
241.995
242.325
243.685
243.62
243.985
241.845
240.155
240.235
243.65
242.32
242.91
240.315
238.605
240.22
240.285
240.355
241.435
239.935
238.43
239.205
242.49
241.69
239.945
237.08
238.205
240.685
241.695
241.305
240.285
240.13
240.91
241.61
242.69
240.775
239.145
239.765
239.885
238.955
240.865
239.335
239.09
238.83
240.75
241.215
241.41
240.655
238.51
240.09
238.535
239.67
238.765
239.43
238.16
241.095
239.685
241.05
239.46
240.64
239.375
241.875
241.4
240.255
240.23
239.11
241.095
242.775
244.005
242.295
240.39
240.725
241.04
244.73
243.81
240.515
241.47
243.395
243.82
245.875
243.175
242.78
241.6
242.18
242.57
243.81
242.045
243.315
240.92
242.915
243.75
241.58
243.28
241.28
241.745
243.45
243.81
241.28
241.4
242.415
242.04
244.46
242.565
240.405
241.35
239.255
241.62
241.12
242.025
240.29
239.43
240.835
242.295
241.065
239.935
237.77
239.2
240.295
238.72
240.55
238.9
239.365
240.755
240.375
241.25
239.245
239.355
238.615
239.335
240.46
240.255
239.57
237.375
239.955
240.13
241.845
241.075
238.33
238.095
238.665
240.855
239.78
240.715
236.9
237.355
240.43
240.505
239.535
237.715
236.88
237.07
238.19
238.6
237.97
238.53
236.78
237.9
239.865
240.995
238.165
237.095
236.645
237.355
238.565
235.78
233.92
235.43
238.175
240.15
238.965
237.585
235.44
236.145
237.775
237.575
235.47
235.105
233.765
237.345
236.725
236.26
238.66
235.825
234.42
234.52
236.005
235.39
232.43
232.84
235.85
238.185
237.8
236.775
235.24
235.195
235.895
238.865
235.9
234.72
234.025
234.925
237.785
237.26
236.555
234.405
235.505
233.3
234.655
235.51
236.45
234.23
233.77
236.255
238.01
237.87
234.18
232.455
232.325
235.995
237.02
235.945
234.015
234.225
235.3
234.72
237.04
237.145
233.525
234.215
235.255
235.885
234.86
235.015
232.52
233.82
234.335
234.805
235.12
232.015
229.88
232.355
232.815
233.98
231.3
229.09
232.23
233.97
235.11
232.025
230.12
229.425
231.395
232.025
232.405
229.455
229.215
229.58
232.205
233.29
231.975
231.93
229.74
230.29
230.66
229.595
228.525
227.195
226.625
229.025
229.895
229.1
225.85
223.195
224.58
226.19
226.08
225.055
223.045
223.94
224.83
227.075
227.92
226.185
223.09
221.25
223.24
224.125
222.64
224.135
224.695
227.31
228.02
229.9
228.895
226.26
224.625
223.61
225.78
224.605
222.69
221.315
222.71
225.815
226.3
225.865
224.345
221.495
220.98
224.515
224.52
223.275
221.71
221.86
221.925
224.995
222.57
222.29
218.83
218.155
219.915
221.98
221.425
217.28
218.805
222.865
223.9
223.985
220.27
218.695
219.16
216.04
232.935
239.95
238.82
239.91
245.445
244.145
240.625
243.19
241.23
240.75
243.155
241.805
242
239.13
243.015
245.495
245.165
245.65
243.185
242.805
241.84
243.95
245.045
241.335
242.015
242.825
245.13
244.925
246.045
245.14
243.36
242.79
243.845
244.25
242.24
242.35
242.08
244.04
245.455
245.345
243.87
242.71
242.385
240.555
244.15
244.905
242.945
242.325
244.55
244.87
244.995
244.525
243.085
243.19
240.9
242.95
246.045
243.815
243.64
242.575
245.47
244
246.045
242.8
243.28
242.8
243.935
246.015
244.98
242.35
241.34
245.71
244.39
245.535
245.12
242.38
241.63
243.485
244.91
242.92
242.465
242.72
242.63
244.53
245.91
243.57
240.695
241.94
240.775
244.18
243.625
242.725
241.085
241.68
243.44
244.405
243.28
242.75
241.535
241.905
240.55
240.185
240.745
241.715
239.92
243.245
242.545
243.875
242.98
241.965
241.2
241.7
243.035
241.045
240.66
240.73
241.145
243.455
243.05
242.39
241.095
240.07
242.715
242.56
241.61
239.24
240.71
240.475
244.525
243.555
242.445
241.225
240.47
238.185
242.22
240.16
239.76
240.73
240.33
242.66
242.96
243.155
241.04
238.805
239.54
239
239.99
239.41
239.835
238.86
240.2
241.39
240.38
240.63
239.78
238.91
241.37
239.835
241.73
239.21
238.935
239.74
240.45
240.91
240.18
237.605
238.105
237.33
239.07
239.515
238.49
237.23
240.76
241.77
241.585
242.285
241.23
240.23
238.34
242.1
241.27
241.265
241.68
242.5
243.755
242.915
242.395
241.99
239.14
239.34
239.37
240.74
240.05
241.955
240.135
241.05
242.77
242.19
242.47
239.1
237.995
238.925
241.38
240.26
237.89
238.105
239.73
240.205
241.16
239.24
237.59
235.81
235.075
237.005
236.5
234.93
236.695
237.86
238.885
238.37
238.18
236.48
234.39
235.32
234.22
233.04
232.255
232.09
235.305
237.17
237.17
235.71
232.97
232.29
233.77
231.65
235.23
231.025
230.9
232.73
233.715
237.085
235.025
233.435
231.605
229.99
232.03
232.515
229.835
230.175
230.54
232.84
233.91
233.985
231.675
230.59
230.485
229.905
230.71
228.57
231.245
232.915
232.935
233.82
232.895
233.765
232.04
230.4
228.7
230.62
232.815
231.985
231.925
233.795
237.065
237.07
237.88
235.72
232.245
231.365
232.07
232.085
231.43
232.05
235.36
235.63
237.625
235.49
232.555
230.435
231.135
230.81
232.335
231.625
232.365
232.635
234.895
235.635
235.105
234.18
232.45
232.715
232.665
233.735
233.27
232.77
233.82
237.19
236.54
238.365
233.535
233.835
231.61
233.5
232.455
234.685
233.145
233.515
238.48
238.575
235.635
237.69
235.97
234.72
236.36
236.635
237.425
234.865
235.37
237.06
239.19
237.88
238.7
236.48
233.125
234.37
235.42
233.08
233.36
234.45
234.26
235.055
237.585
237.575
235.82
233.6
231.99
232.865
233.02
231.945
232.525
231.57
234.09
235.18
236.72
233.92
232.11
231.755
230.44
233.02
227.91
229.83
229.72
233.395
234.075
235.035
231.64
229.2
228.79
229.02
230.555
231.645
226.065
228.505
229.24
228.93
230.04
229.83
227.51
224.02
224.745
226.145
225.555
225.045
223.72
222.865
225.475
228.065
227.15
223.83
222.085
222.59
224.215
226.105
222.585
220.26
220.835
222.195
225.285
223.895
222.23
218.785
218.07
219.165
219.85
217.785
217.445
217.095
219.495
220.905
221.475
219.125
216.775
215.535
216.505
218.69
217.73
213.61
215.235
218.08
219.515
218.395
218.525
215.4
214.875
213.74
216.525
216.02
216.735
213.545
214.255
0
