15.01
13.89
14.32
14.44
14.27
14.57
14.31
14.55
14.48
14.33
14.39
14.73
14.7
14.36
14.48
14.31
14.52
14.38
14.39
14.38
14.34
14.23
14.42
14.34
14.36
14.34
14.04
14.42
14.21
14.34
14.4
14.32
14.19
14.2
14.29
14.3
14.22
14.48
14.26
14.54
14.26
14.38
14.13
14.27
14.52
14.23
14.46
14.5
14.39
14.4
14.44
14.83
14.23
14.56
14.3
14.49
14.51
14.77
14.56
14.8
14.78
14.78
14.7
14.4
14.65
14.4
14.28
14.74
14.38
14.46
14.59
14.55
14.34
14.77
14.68
14.67
14.42
14.28
14.27
14.62
14.54
14.19
14.41
14.58
14.33
14.33
14.3
14.57
14.31
14.7
14.43
14.32
14.47
14.44
14.63
14.42
14.47
14.36
14.24
14.35
14.29
14.29
14.17
14.18
14.04
13.99
14.07
14.35
14.41
14.26
14.42
14.29
14.24
14.39
14.16
14.24
14.23
14.34
14.37
14.45
14.11
14.52
14.67
14.57
14.41
14.33
14.21
14.32
14.51
14.5
14.78
14.86
14.48
14.46
14.6
14.52
14.55
14.68
14.38
14.68
14.78
14.87
14.68
14.63
14.77
14.55
14.66
14.69
14.78
14.39
14.59
14.95
14.69
14.87
14.73
14.66
14.69
14.37
14.68
14.64
14.85
14.8
14.91
15.06
14.89
14.89
14.74
14.89
15.16
14.92
14.95
14.77
14.99
15.1
15.08
15.1
15.36
15.28
15.23
15.29
15.05
14.86
14.69
15.24
14.59
15.1
14.78
14.56
14.86
14.78
14.77
14.65
14.65
14.57
14.52
14.67
14.57
14.73
14.59
14.62
14.53
14.62
14.84
14.48
14.65
14.58
14.42
14.62
14.36
14.37
14.22
14.05
14.23
14
14.42
14.46
14.14
14.26
14.3
14.29
14.27
14.39
14.08
14.26
14.44
14.32
14.27
14.19
14.34
14.04
14.37
14.38
14.61
14.2
14.36
14.18
14.2
14.4
14.13
14.53
14.57
14.63
14.58
14.57
14.58
14.39
14.18
14.31
14.39
14.35
14.27
14.32
14.39
14.34
14.05
14.21
13.82
13.91
14.01
13.98
13.86
13.98
14.24
14.29
14.2
14.02
14.03
13.78
13.86
13.65
13.69
13.92
13.69
13.87
13.89
13.65
13.81
13.79
13.91
13.63
13.76
13.88
13.82
13.63
13.62
13.64
13.39
13.89
13.67
13.57
13.62
13.56
13.52
13.44
13.56
13.64
13.59
13.9
13.85
13.88
13.77
14.03
13.6
13.57
13.9
13.8
13.59
13.98
13.9
13.61
13.78
13.57
13.48
13.71
13.58
13.66
13.57
13.47
13.6
13.83
13.85
13.91
13.63
13.61
13.79
13.85
13.75
13.73
13.54
13.86
13.98
13.8
13.8
13.82
13.83
13.81
14.09
13.81
13.87
13.87
14.31
13.91
13.91
14.26
14.11
14.14
14.05
14.22
14.02
14.17
14.08
14.27
14.26
14.06
14.21
14.2
13.78
13.86
14.17
14.14
14.07
14.29
14.39
14.26
14.17
14.13
14.42
14.18
14.27
14.35
14.44
14.66
14.14
14.36
14.09
14.34
14.19
14.64
14.17
14.23
14
14.2
14.13
14.18
14.02
14.14
14.29
14.36
14.34
14.4
14.36
14.39
14.29
14.38
14.2
14.26
14.49
14.44
14.4
14.65
14.68
14.52
14.46
14.65
14.5
14.43
14.5
14.63
14.58
14.88
14.75
15.06
14.99
15.05
14.81
14.81
14.97
14.99
15.18
15.55
15.36
15.92
15.75
15.69
16.12
15.76
15.97
15.69
16.16
15.76
15.79
16.94
16.69
16.84
16.85
16.68
16.46
16.58
16.73
16.38
16.32
16.28
16.43
16.44
16.41
16.21
16.51
16.34
16.42
16.44
16.57
16.3
16.31
16.62
16.23
16.44
16.23
16.23
15.99
15.97
16.09
16.05
16.07
15.91
15.96
16.01
16.07
16
15.82
16.02
15.78
15.8
15.62
15.94
15.83
15.93
16.11
15.93
15.74
15.93
15.9
15.49
15.95
15.81
15.64
15.65
15.87
15.72
15.83
15.75
15.69
15.65
15.61
15.64
15.59
15.52
15.47
15.43
15.95
15.99
15.55
15.53
15.42
15.71
15.42
15.44
15.37
15.84
15.42
15.45
15.26
15.35
15.4
15.12
15.39
15.57
15.19
15.25
15.39
15.27
15.28
15.42
15.22
15.47
15.42
15.08
15.29
15.64
15.45
15.17
15.44
15.42
15.33
15.28
15.53
15.36
15.37
15.53
15.31
15.29
15.51
15.34
15.51
15.48
15.41
15.49
15.42
15.53
15.23
15.26
15.32
15.32
15.48
15.54
15.34
15.42
15.65
15.31
15.44
15.36
15.43
15.3
15.42
15.67
15.11
15.57
15.83
15.65
15.52
15.65
15.77
15.81
15.76
16.01
15.67
16.04
16.01
15.75
16.29
16.16
15.86
15.77
15.71
15.66
15.63
15.82
15.75
15.67
15.87
16.13
15.79
15.93
15.91
15.82
15.89
16.07
16.11
15.93
16.37
16.15
16.03
16.13
16.25
16.01
16
16.18
15.97
16.07
16.12
16.23
16.04
16.57
16.36
16.51
16.37
16.22
16.46
16.15
16.47
16.45
16.23
16.34
16.48
16.73
16.43
16.68
16.9
16.76
16.48
16.87
16.79
16.9
16.92
16.74
17.02
17.01
17.1
16.95
16.86
17.02
16.91
16.92
17.13
17.16
17.2
17.68
17.43
17.42
17.21
17.18
17.06
17.16
16.83
17.22
17.02
17.29
17
17.42
16.95
17.23
16.99
17.25
17
17.14
17.42
17.29
17.32
17.27
17.55
17.65
17.35
17.55
16.98
17.15
17.43
17.32
17.25
16.91
17.6
17.15
17.29
17.29
17.32
17.21
17.25
16.97
17.09
17.28
17.14
17.44
17.26
17.49
17.32
17.12
17.32
17.08
16.85
17.29
17.36
17.23
17.31
17.34
17.13
17.49
17.17
17.24
17.15
17.46
17.36
17.27
17.21
17.13
17.15
17.24
17.3
17.03
17.3
17.21
16.98
17.46
17.3
17.29
17.56
17.66
17.6
17.48
17.76
17.33
17.22
17.38
17.27
17.01
17.29
16.77
16.82
17.16
17.16
16.85
16.99
16.71
17.04
16.78
16.76
16.5
16.82
16.78
16.55
16.74
16.49
16.54
16.26
16.16
16.38
16.26
16.4
16.2
16.36
16.55
16.6
16.52
16.47
16.41
16.54
16.52
16.5
16.43
16.38
16.35
16.77
16.33
16.4
16.51
16.13
16.39
16.4
16.67
16.16
16.4
16.45
16.65
16.43
16.5
16.29
16.26
16.25
16.04
16.16
16.2
15.78
16
16.24
16.06
16.09
16.14
15.82
15.75
15.75
15.86
15.75
15.83
15.74
15.68
15.79
15.6
15.58
15.47
15.59
15.48
15.64
15.5
15.36
15.69
15.61
15.52
15.73
15.22
15.76
15.2
15.53
15.51
15.45
15.34
15.1
15.43
15.4
15.55
15.5
15.23
15.31
15.44
15.33
15.48
15.55
15.42
15.71
15.67
15.62
15.9
15.81
15.81
15.71
15.72
15.87
15.86
15.94
15.81
16.16
16.09
16.16
16.26
16.36
16.66
16.54
16.79
17
16.86
16.87
17.02
17.09
17.19
17.11
17.37
17.05
18.18
15.8
15.66
15.79
16.13
16.21
15.78
15.93
15.85
15.77
15.74
15.61
15.98
15.94
15.73
15.79
15.8
15.88
16.06
16.03
15.79
16.04
15.74
15.79
15.95
15.82
16.06
15.84
15.78
15.53
15.61
15.48
15.61
15.6
15.53
15.55
15.67
15.52
15.36
15.32
15.69
15.36
15.46
15.42
15.4
15.49
15.51
15.32
15.44
15.57
15.38
15.66
15.8
15.56
15.48
15.6
15.57
15.29
15.48
15.19
15.62
15.65
15.61
15.53
15.33
15.4
15.55
15.94
15.68
15.82
15.78
15.95
15.83
15.94
16.04
16.1
16
15.99
15.93
15.81
16.1
15.96
15.82
15.92
16.06
16.21
16.18
15.98
15.93
15.8
15.95
15.86
15.89
15.8
15.75
15.81
15.9
15.68
15.57
15.65
15.78
15.67
15.92
15.96
15.93
15.86
16.27
15.96
15.97
16.03
15.78
15.77
15.77
15.51
15.65
15.32
15.33
15.76
15.68
15.54
15.69
15.47
15.23
15.4
15.34
15.64
15.72
15.6
15.7
15.63
15.47
15.69
15.62
15.43
15.4
15.55
15.45
15.41
15.52
15.44
15.53
15.75
15.31
15.63
15.35
15.18
15.52
15.27
15.43
15.02
15.41
15.31
15.36
15.24
15.24
15.19
15.12
15.12
15.02
15.19
15.09
15.13
14.98
15.23
15.15
15.43
15.03
15.11
15.01
15.44
14.95
15.19
14.97
15.4
15.09
15.45
15.28
15.19
15.25
15.19
15.3
15.04
14.85
15.09
15.08
14.89
14.97
14.95
14.72
14.95
15.09
15.07
15.28
15.13
15.12
15.22
15.63
15.42
15.27
15.29
15.28
15.35
15.26
15.24
14.98
14.98
14.81
14.88
14.81
14.86
14.89
14.69
14.67
14.6
14.62
14.45
14.35
14.3
14.2
14.49
14.46
14.47
14.32
14.15
14.34
14.47
14.53
14.28
14.55
14.55
14.7
14.78
14.59
14.57
14.51
14.67
14.7
14.68
14.52
14.6
14.68
14.58
14.44
14.63
14.74
14.58
14.72
14.91
14.96
14.91
14.61
14.74
14.78
14.9
14.83
14.74
14.56
14.39
14.91
14.56
15.01
14.94
15.07
15.07
15.19
15.21
14.83
14.91
14.81
14.72
14.97
14.99
15.05
14.92
14.91
15.19
15.02
14.84
15.07
14.68
14.96
14.99
14.89
14.99
14.9
14.96
15.17
14.88
15.35
15.22
14.86
15.11
15.34
15.17
14.91
15
15.43
15.32
15.35
15.14
15.56
15.17
15.52
15.37
15.54
15.25
15.47
15.81
15.63
16.12
15.86
16.14
15.82
15.91
15.97
15.82
15.91
16.03
15.93
16.14
16.41
16.23
15.99
16.12
16.03
16.57
16.2
16.38
16.15
16.43
16.79
16.61
17.04
16.94
16.89
16.83
16.82
16.99
16.79
16.76
17.14
16.86
17.18
16.65
16.9
16.56
16.61
16.54
16.84
16.46
16.67
16.43
16.26
16.61
16.42
16.2
16.59
16.2
16.59
16.67
16.46
16.54
16.68
16.6
16.63
16.6
16.57
16.48
16.74
16.55
16.65
16.53
16.43
16.6
16.31
16.51
16.48
16.43
16.34
16.23
16.07
16.24
15.99
16
16.05
16.1
16.29
16.18
16.36
16.26
16.18
16.13
16.24
16.27
16.16
16.22
16.17
16.14
16.13
16.02
16.05
16.39
16.06
15.99
16.24
16.18
15.95
15.96
16.01
15.91
16.36
16.3
16.23
16.2
16.32
16.3
16.21
16.43
16.15
16.43
17
16.57
17.35
16.87
17.04
16.93
17.08
17.04
16.86
17.02
16.79
16.82
17.88
15.55
15.93
15.83
15.7
15.61
14.98
15.25
15.18
14.93
15.34
15.43
15.31
15.1
15.02
15.27
14.84
15.11
15.01
15.18
15.05
14.79
15.03
14.75
14.75
14.59
14.86
14.8
14.63
14.57
14.34
14.4
14.39
14.54
14.23
14.27
14.23
14.09
14.05
13.82
14.11
13.84
13.93
14.28
13.96
13.96
14.11
13.95
13.89
14.12
14.1
14
14.29
14.03
14.17
14.04
14.43
13.99
14.28
14.08
14.11
14.5
14.48
14.32
14.63
14.51
14.5
14.48
14.62
14.41
14.45
14.52
14.34
14.3
14.29
14.38
14.56
14.32
14.54
14.43
14.35
14.41
14.33
14.41
14.26
14.26
14.7
14.45
14.71
14.7
14.88
14.63
14.53
14.75
14.59
14.37
14.52
14.7
14.39
14.62
14.56
14.31
14.43
14.5
14.46
14.22
14.48
14.37
14.06
14.37
14.22
14.31
14.53
14.39
14.24
14.37
14.35
14.09
14.43
14.3
14.32
14.47
14.57
14.63
14.66
14.7
14.58
14.46
14.77
14.76
14.82
14.89
14.8
14.69
14.72
14.8
14.76
14.87
14.75
14.83
14.62
14.86
14.61
14.46
14.88
14.82
15.03
14.9
15.01
14.83
14.88
14.88
15.26
15.04
15.01
14.82
15.28
15.15
15.16
14.92
14.78
14.96
15.2
15.34
15.41
15.38
15.25
15.48
15.38
15.45
15.22
15.37
15.21
15.29
15.14
14.98
15.08
14.9
15.09
15.01
15.31
14.9
14.82
15.25
15.17
15.21
15.11
15.17
14.98
15.36
15.42
15.36
15.49
15.14
15.26
15.18
15.26
15.37
15.28
15.08
15.19
15
15.16
15
14.93
14.88
14.98
14.89
15
14.78
15.09
14.75
14.96
15.05
14.93
14.93
14.79
14.73
14.74
14.94
14.65
14.38
14.53
14.53
15.19
14.52
14.38
14.76
14.72
14.63
14.74
14.76
14.31
14.58
14.57
14.85
14.67
14.86
14.65
14.35
14.67
14.78
14.39
14.6
14.49
14.46
14.6
14.65
14.3
14.34
14.24
14.42
14.51
14.35
14.26
14.26
14.26
14.43
14.51
14.21
14.37
14.15
14.18
14.41
14.17
14.01
14.31
14.4
14.16
14.05
14.06
13.98
13.91
14.01
14.16
14.21
13.87
14.06
13.97
13.98
14.21
14.03
13.9
14.08
13.7
13.73
13.72
13.82
13.87
13.93
13.91
14.01
13.97
13.66
13.86
13.8
13.91
13.73
14.01
13.94
14.01
13.95
13.99
14.14
14.22
13.94
13.88
13.93
14.31
14.22
13.96
14.14
14.22
14.3
14.35
14.16
14.17
13.98
14.16
14.32
14.05
14
13.97
13.86
14.17
13.99
13.94
14.06
13.67
13.85
14.13
13.97
14.14
14.03
13.87
13.85
13.82
14.22
13.67
13.67
13.59
13.75
13.84
13.66
13.66
13.38
13.5
13.68
13.75
13.75
13.7
13.6
13.65
13.67
13.53
13.28
13.64
13.81
13.9
13.91
13.73
14.02
13.74
13.86
14.07
14
13.93
13.84
13.8
13.96
14.06
13.9
13.98
13.78
13.64
13.79
13.9
13.76
13.95
13.98
13.88
13.93
14.14
13.95
13.89
14.08
14.05
14.23
14.13
14.1
14.19
14.56
14.13
14
14.36
14.35
14.21
14.25
14.39
14.48
14.45
14.28
14.14
14.35
14.54
14.61
14.34
14.44
14.54
14.65
14.78
14.6
14.59
14.8
14.85
14.85
14.7
14.99
14.69
14.75
15.06
14.88
15.3
15.24
15.16
15.24
15.19
15.5
15.23
15.14
15.16
14.99
16.24
15.3
15.21
15.76
15.84
15.78
14.93
15.35
15.26
14.95
14.85
14.89
15.01
14.97
14.9
14.72
14.89
14.92
14.74
14.85
14.51
14.9
14.9
14.99
14.75
14.7
14.98
14.65
14.95
14.47
14.89
14.74
14.77
14.78
14.83
14.89
14.8
14.89
15.05
14.89
15.26
14.57
15
14.77
15.06
15.04
14.97
14.85
14.65
14.85
14.89
15.09
14.76
14.85
15.05
15.26
15.18
15.13
15.17
15
15.15
15.35
14.83
15.22
14.94
14.82
15.01
15.01
14.8
14.96
14.9
15.03
14.93
14.78
14.84
14.38
14.64
14.59
14.52
14.59
14.27
14.51
14.75
14.28
14.68
14.5
14.41
14.32
14.38
14.56
14.39
14.37
14.12
14.49
13.84
14.1
13.99
14.01
13.85
14.09
13.9
14.01
14.03
13.82
14.05
13.93
14.29
13.9
13.98
14.07
14.4
14.03
13.98
14.38
14
14.01
14.28
13.99
14.24
13.97
14.14
14.17
13.88
14.09
13.85
13.87
14
13.94
13.97
14.09
13.86
13.98
14.07
13.93
13.99
14.09
14.16
14.22
13.91
14.32
14.21
14.32
14.12
14.21
14.43
14.39
14.49
14.35
14.49
14.42
14.49
14.55
14.71
14.47
14.58
14.48
14.63
15.08
15.03
14.85
15.21
15.02
15.36
15.13
15.09
15.08
14.9
14.81
14.86
14.66
14.81
14.75
14.64
14.88
15.11
14.99
14.8
15.33
15.14
15.34
15.73
15.87
16.12
15.82
15.7
15.52
14.97
14.77
14.71
14.17
14.47
14.06
14.02
13.91
14.17
14.02
14.37
13.86
13.89
13.9
13.7
14.01
13.9
13.9
13.66
14.12
13.79
14.13
14.08
14.07
13.92
14.19
14.18
14.5
14.16
14.22
14.3
14.22
14.19
14.44
14.31
14.38
14.51
14.49
14.82
14.42
14.51
14.34
14.67
14.87
14.74
14.51
14.51
14.6
15.03
14.81
14.86
14.71
14.98
14.85
15.16
15.06
14.91
14.86
15.09
15.02
14.94
14.98
15.04
14.76
15.09
14.91
14.89
15.13
14.92
14.85
15.07
15.06
15.33
14.83
14.62
14.93
14.82
15.08
15.11
14.86
14.77
14.73
14.94
14.76
15.16
14.95
14.83
15.18
15.05
15.14
15.13
15.16
14.88
15.06
14.83
15.21
14.99
14.98
15.14
15.13
15.2
15.18
15.22
15.28
15.25
15.44
15.03
15.32
15.13
15.3
15.04
14.82
15.29
14.98
14.9
14.88
14.76
15.01
15.05
14.74
15.01
14.93
15.04
14.8
14.94
14.94
15.35
14.89
15.17
15.2
15.14
15.02
15.3
15.36
15.16
15.11
15.11
15.11
15.28
15.17
15.19
15
14.96
15.13
15.26
15.45
15.44
15.33
15.36
15.15
15.31
15.26
14.98
15.29
15.07
14.87
15.08
15.34
14.85
14.87
15.04
14.97
15.12
15.11
14.92
14.89
14.7
14.94
15.04
15.08
14.87
14.97
14.74
14.82
14.83
14.93
14.87
14.86
14.79
14.71
14.7
14.64
14.58
14.75
14.58
14.59
14.38
14.46
14.47
14.61
14.68
14.6
14.65
14.31
14.56
14.52
14.53
14.67
14.6
14.26
14.42
14.87
14.7
14.69
14.28
14.44
14.48
14.34
14.3
14.26
14.26
14.28
14.03
14.52
14.13
14.48
14.08
14.15
14.43
14.1
14.26
14.28
14.43
14.53
14.56
14.55
14.49
14.67
14.56
15.18
14.75
14.9
14.54
14.61
15.24
14.78
15.02
14.9
14.63
14.33
14.86
14.83
14.76
15.09
14.97
14.8
15.91
13.31
13.33
13.5
13.64
13.4
13.08
13.12
13.18
13
13.33
13.48
13.13
12.98
13.12
12.95
13.31
13.48
13.49
13.52
13.42
13.61
13.29
13.67
13.42
13.39
13.58
13.22
13.21
13.22
13.06
13.1
13.16
13.28
13.41
13.25
13.23
13.43
13.43
13.23
13.58
13.19
13.48
13.63
13.5
13.37
13.53
13.41
13.66
13.63
13.54
13.42
13.49
13
13.4
13.55
13.34
13.44
13.48
13.32
13.52
13.34
13.42
13.35
13.48
13.64
13.29
13.53
13.76
13.85
13.76
13.97
14.05
13.88
14.08
14.1
14.07
14.21
14.39
14.12
14.1
14.46
14.25
14.26
14.49
14.35
14.48
14.55
14.53
14.34
14.63
14.45
14.38
14.38
14.44
14.41
14.57
14.67
14.41
14.59
14.59
14.52
14.39
14.43
14.27
14.16
14.21
14.22
14.19
14.16
14.23
14.42
14.6
14.43
14.32
14.48
14.61
14.15
14.54
14.27
14.01
14.41
14.54
14.71
14.83
14.67
14.83
14.48
15.03
14.81
15.07
14.79
15
14.57
14.95
14.82
14.99
14.76
14.78
14.64
14.84
14.62
14.69
14.98
15.13
14.94
15.14
15.04
15.03
14.92
14.99
14.94
14.87
14.64
14.93
14.93
15.08
15.04
15
14.8
14.45
14.65
14.64
14.53
14.48
14.54
14.19
14.3
14.36
14.22
14.37
14.36
14.33
14.38
14.37
14.35
14.49
14.57
14.53
14.18
14.18
14.05
13.74
13.77
13.98
13.99
14.05
14.04
14.2
14.14
14.25
13.96
13.98
13.5
13.79
13.57
13.76
13.78
13.65
13.88
13.71
13.92
13.63
13.69
13.72
13.64
13.52
13.41
13.49
13.62
13.51
13.42
13.55
13.48
13.36
13.42
13.33
13.29
13.35
13.35
13.14
13.4
13.25
13.41
13.49
13.24
13.4
13.68
13.51
13.45
13.41
13.22
13.17
13.35
13.18
13.24
13.33
13.4
13.29
12.95
13.24
13.01
13.33
13.25
13.26
13.46
13.56
13.48
13.4
13.42
13.37
13.5
13.32
13.19
13.24
13.09
13.71
13.57
13.85
13.81
13.66
14
13.82
13.85
13.7
13.56
13.45
13.67
13.65
13.7
13.74
13.34
13.43
13.28
13.39
13.24
13.46
13.31
13.28
13.83
13.43
13.09
13.31
13.27
13.44
13.66
13.64
13.48
13.49
13.38
13.23
13.58
13.25
13.55
13.28
13.54
13.71
13.37
13.39
13.31
13.69
13.58
13.79
13.56
13.87
13.68
13.73
13.53
13.8
13.63
13.39
13.81
13.62
13.98
13.6
13.77
13.63
13.86
13.92
13.98
14.16
14.07
14.08
13.75
14.11
14.21
14.22
14.26
14.18
14.36
14.47
14.65
14.52
14.17
14.31
14.14
14.2
14.49
14.38
14.07
14.28
14.5
14.37
14.36
14.34
14
14.54
14.69
14.49
14.42
14.44
14.58
14.76
14.86
14.66
14.93
14.84
14.82
14.87
15.04
15.11
14.95
14.99
14.63
14.78
14.95
15.17
15.23
15.21
15.48
15.04
14.8
14.98
15.1
15.08
15.33
15.22
15.05
15.1
15.05
15.29
15.12
14.86
14.6
14.84
14.81
14.79
14.88
14.84
14.73
14.85
15.02
15.08
15.1
14.96
15.16
15.14
15.32
15.02
14.79
14.7
14.8
14.85
14.93
15.02
14.74
14.82
14.8
14.89
14.47
14.7
14.69
14.75
14.77
14.85
14.55
14.69
14.76
14.41
14.84
15.11
14.97
14.8
14.75
14.61
14.73
14.49
14.58
14.27
14.57
14.49
14.74
15.83
17.07
15.41
16.1
16.09
16.28
16.25
16.03
15.91
16.06
15.99
16.06
15.72
16.08
16.01
15.68
15.88
15.81
15.71
15.73
15.86
15.44
15.28
15.54
15.48
15.84
15.89
15.75
15.67
15.6
15.66
15.65
15.61
15.54
15.49
15.69
15.42
15.59
15.59
15.29
15.44
15.39
15.36
15.42
15.54
15.65
15.28
15.29
15.24
15.46
15.21
15.48
15.64
15.03
15.52
15.34
15.43
15.43
15.33
15.41
15.64
15.67
15.71
15.86
15.35
15.99
15.56
15.9
15.94
15.95
15.78
15.51
15.47
15.41
15.31
15.18
15.41
15.39
15.3
15.33
15.37
15.42
15.3
15.35
15.53
15.31
15.3
15.3
15.64
15.32
15.34
15.44
15.27
15.37
15.3
15.39
15.07
15.28
15.2
15.24
15.28
15.39
15.46
15.58
15.49
15.48
15.2
15.25
15.38
15.07
14.95
15.33
15.24
15.57
15.25
15.3
15.73
15.26
15.56
15.64
15.84
15.76
15.95
15.99
15.79
15.63
15.58
15.57
15.69
15.72
15.82
15.78
16.05
15.88
15.74
15.89
15.84
15.71
15.91
15.91
15.92
16.14
16.03
16.32
16.14
16.49
16.23
16.32
16.17
16.19
15.93
16.13
16.15
16.04
16.21
16.25
16.24
16.48
16.09
16.4
16.22
16.17
16.25
16.11
15.98
16.04
16.1
15.88
15.67
15.83
15.67
15.92
15.72
16
15.91
15.68
15.65
15.95
16.14
15.91
15.8
16
15.8
15.92
16.01
16.08
16.14
16.14
15.96
16.18
16.01
16
16.2
15.98
15.99
16.2
16.23
16.23
16.35
16.5
16.41
16.44
16.08
16.09
16.29
16.25
16.24
16.21
16.35
16.19
16.47
16.55
16.62
16.53
16.26
16.34
16.56
16.48
16.32
16.04
15.86
15.65
15.87
16.24
16.22
16.06
16.15
16.15
16.14
16.19
15.99
16.16
15.81
16.08
15.84
15.78
15.72
15.59
15.51
15.37
15.61
15.74
15.61
15.49
15.49
15.24
14.97
15.25
14.99
15.27
15.18
15.04
15.37
15.57
15.64
15.48
15.82
15.25
15.41
15.16
15.2
15.38
15.13
15.35
15.11
15.16
14.97
14.84
14.99
15.06
14.79
14.95
15.21
14.95
15.23
15.03
15.07
14.84
15.18
15.29
15.13
15.05
15.09
15.11
15.28
15.35
15.48
15.26
15.31
15.36
15.11
15.18
15.26
15.15
15.17
15.18
15.43
14.99
15.12
15.03
15.22
15.06
15.11
14.87
14.77
14.72
14.81
14.84
15.1
14.96
14.77
14.94
15.07
15.06
15.17
14.9
15.28
15.21
15.01
15.03
15.29
15.32
15.31
15.29
15.66
15.21
15.11
14.76
14.91
14.75
15.02
15.03
14.94
14.94
14.78
14.91
15.01
14.92
14.66
15.02
15.1
15.03
14.67
14.79
14.8
14.52
14.61
14.54
14.56
14.64
14.98
14.82
14.82
15.03
14.72
15.15
15.01
14.98
14.89
15.28
14.98
14.96
15.03
15.12
14.97
14.92
14.75
14.65
14.47
14.82
14.73
14.54
14.93
14.65
15
14.93
14.95
14.88
15.07
15.21
15.07
15.03
15.12
15
14.95
15.09
15.29
15.28
15.45
15.24
15.23
15.3
15.45
15.42
15.65
15.53
15.67
15.8
15.99
16.02
16.16
16.19
16.19
16.52
16.42
16.1
16.1
16.06
16.15
16.26
16.25
16.13
16.23
16.59
16.67
16.57
16.57
16.56
16.43
16.67
16.91
16.68
17.16
16.95
17.19
17.46
17.3
17.22
17.32
17.59
17.55
17.68
18.86
16.07
16.45
16.19
16.36
15.94
15.8
15.79
15.9
16.23
16.13
15.62
15.67
15.53
15.53
15.36
15.36
15.25
14.98
15.22
15.18
15.11
15.18
15.08
14.93
14.77
15.14
14.81
14.62
14.84
14.82
14.99
15.11
15.24
14.99
14.79
15.17
15.12
15
15.25
15.48
15.15
15.5
15.36
15.45
15.52
15.47
15.53
15.49
15.7
15.03
15.52
15.27
15.3
15.26
15.21
14.99
14.83
15.04
14.89
14.93
14.96
14.77
14.7
14.98
14.86
14.89
14.96
15.02
14.76
14.8
14.7
14.92
14.37
14.66
14.68
15.01
14.92
14.85
14.59
14.64
14.62
14.66
14.75
14.98
14.89
14.64
14.54
14.67
14.57
14.65
14.33
14.35
14.58
14.19
14.17
14.26
14.24
13.83
14.19
14.04
13.82
13.77
13.96
13.91
14.08
14.01
13.97
13.83
13.91
13.78
14.03
13.89
13.81
13.6
13.79
14.01
13.77
13.65
13.76
13.87
13.79
13.6
13.86
13.67
14.08
13.76
13.84
14.09
13.89
13.81
13.87
13.98
13.64
13.9
13.74
13.51
13.84
13.55
13.83
13.53
13.28
13.65
13.49
13.52
13.72
13.66
13.85
13.76
13.44
13.39
13.74
13.16
13.39
13.31
13.47
13.59
13.56
13.54
13.78
13.52
13.58
13.7
13.68
13.51
13.51
13.58
13.94
13.71
13.76
13.46
13.91
13.58
13.71
13.52
13.72
13.82
13.81
13.77
13.37
13.84
13.59
13.6
13.94
13.58
13.36
13.43
13.65
13.23
13.53
13.73
13.31
13.68
13.66
13.68
14.02
14.01
13.75
13.51
13.83
13.8
13.55
13.46
13.7
13.72
13.96
13.94
13.88
14.01
13.94
14.17
14.07
14.32
14.2
14.01
14.42
13.99
14.24
14.24
14.28
13.97
14.14
14.3
14.2
14.46
14.08
14.27
14.12
14.24
14
14.16
14.29
14.36
14.63
14.52
14.45
14.27
14.37
14.27
14.22
14.5
14.14
14.11
14.13
14.17
14.31
13.86
14.21
13.98
14.01
14.2
14.39
14.41
14.64
14.08
14.39
14.78
14.63
14.62
14.35
14.35
14.18
14.38
14.35
14.34
14.08
14.29
14.44
14.3
14.37
14.28
14.47
14.88
14.63
14.87
14.83
14.91
14.88
14.85
14.98
14.87
14.66
14.66
14.8
14.75
14.62
14.95
14.54
15.03
15.11
14.95
15.3
15.2
15.13
14.99
15.12
15.19
15.14
15.19
15.11
15.1
15.44
15.21
15.26
15.36
15.24
15.42
15.58
15.38
15.38
15.37
15.38
15.42
15.32
15.15
15.01
14.97
14.58
14.86
14.68
14.57
14.62
14.43
14.88
14.58
14.54
14.76
14.51
14.62
14.41
14.57
14.58
14.64
14.45
14.57
14.61
14.61
14.7
14.46
14.57
14.59
14.73
14.37
14.5
14.47
14.26
14.52
14.2
14.58
14.03
14.28
14.08
14.19
14.05
13.8
14.24
14.13
14.13
13.96
13.93
13.91
14.03
13.95
13.78
13.89
13.7
13.82
13.92
13.84
13.89
13.76
13.75
14.04
13.63
13.66
13.84
13.94
13.73
13.88
14.06
14.26
14.06
14.2
14.08
14.02
14.59
13.94
14.11
14.18
14.01
14.02
13.68
13.86
13.92
13.99
13.76
13.88
13.9
13.8
13.85
13.74
13.87
13.87
13.81
13.77
13.85
13.78
13.91
13.9
14.07
13.93
14.27
14.15
14.32
14.27
14.08
14.2
13.97
14.19
14.19
14.38
14.16
14.52
14.47
14.56
14.51
14.28
14.5
14.02
14.28
14.64
14.5
15.56
15.12
15.59
15.6
15.25
15.68
15.26
15.29
15.29
15.29
15.11
15.01
15.19
15.26
15.2
15.23
14.9
15
14.94
15.21
15.17
15.23
15.28
15.05
15.28
15.28
15.44
15.16
15.27
15.42
15.15
15.44
15.63
15.41
15.08
15.34
15.61
15.63
15.89
15.75
15.74
15.6
15.72
15.91
16.01
15.85
15.95
15.72
15.89
16.14
15.59
15.82
16.2
16.37
16.27
16.4
16.23
16.18
16.51
16.57
16.67
16.36
16.36
16.34
16.28
16.41
16.25
16.3
16.3
16.23
16.4
16.7
16.65
16.3
16.45
16.51
16.42
16.28
16.54
16.49
16.47
16.77
16.47
16.73
16.74
16.59
16.85
16.65
16.76
16.76
16.77
16.55
16.77
16.95
16.85
16.75
16.79
16.98
16.89
16.84
16.94
16.97
17.11
16.96
17.07
17.19
17.12
16.8
17.03
16.94
17.02
17.04
17.12
17.04
17.22
17.24
17.18
17.59
17.11
17.09
17.08
16.8
16.7
16.75
16.88
16.93
16.64
16.77
16.77
16.92
16.64
16.75
16.8
16.68
16.77
16.71
16.81
17.06
16.86
16.75
16.75
16.88
16.47
16.54
16.55
16.4
16.56
16.44
16.89
16.55
16.62
16.62
16.69
16.63
16.56
16.5
16.53
16.54
16.49
16.61
16.63
16.48
16.37
16.49
16.51
16.5
16.49
16.52
16.32
16.33
16.31
16.59
16.5
16.61
16.39
16.17
16.34
15.97
16.26
15.79
16.06
15.98
15.68
15.87
15.91
15.67
15.69
15.95
15.8
15.75
15.53
15.59
15.87
15.71
15.86
15.49
15.83
15.88
15.44
15.79
15.56
15.42
15.44
15.47
15.29
15.53
15.43
15.43
15.36
15.44
15.53
15.46
15.56
15.18
15.52
15.55
15.27
15.34
15.1
15.19
15.05
15.13
15.2
15.08
15.41
15.35
15.4
15.43
15.53
15.46
15.49
15.45
15.38
15.38
15.2
15.46
15.42
15.34
15.4
15.08
15.32
15.37
15.28
15.25
15.44
15.26
15.44
15.52
15.26
15.71
15.47
15.58
15.56
15.67
15.45
15.21
15.5
15.14
15.53
15.4
15.42
15.59
15.66
15.59
15.43
15.55
15.26
15.32
15.27
15.35
15.3
15.48
15.45
15.09
15.3
15.25
15.37
15.36
15.33
15.21
15.21
15.31
15.3
15.53
15.35
15.28
15.17
15.19
15.22
15.41
15.03
15.39
15.27
15.34
15.29
15.62
15.56
15.26
15.48
15.59
15.8
15.64
15.93
15.5
15.64
15.55
15.77
15.67
15.74
16.02
15.68
15.66
15.63
15.71
15.79
15.82
15.99
16
15.96
16.07
16.08
15.84
15.88
16.24
16.23
16.31
16.18
16.29
16.31
16.28
16.27
16.08
16.16
15.9
16.21
16.26
16.01
16.15
16.07
16.1
16.18
16.2
16.1
16
16.13
16.19
16.15
16.23
16.11
16.16
16.65
16.35
16.38
16.59
16.41
16.21
16.54
16.48
16.33
16.43
16.21
16.49
16.52
16.48
16.8
16.52
16.54
16.3
16.99
16.63
16.57
16.79
17.01
17.03
16.99
16.86
17.1
17.15
16.88
16.89
17.34
17.28
17.2
17.47
17.37
17.31
17.3
17.33
17.6
17.25
17.29
17.16
17.15
17.13
17.13
17.43
17.4
17.29
17.49
17.26
17.01
17.15
17.53
17.22
17.44
17.36
17.42
17.46
17.5
17.28
17.42
17.27
17.14
17.45
17.44
17.33
17.31
17.4
17.37
17.41
17.69
17.22
17.62
17.33
17.68
17.54
17.57
17.27
17.3
17.46
17.32
17.35
18.32
14.12
14.41
14.38
14.6
14.26
13.93
14.15
14.13
13.99
14.14
14.17
13.94
13.83
13.99
13.86
13.64
13.79
13.68
13.9
13.79
13.84
13.63
13.81
13.67
13.7
13.8
13.99
13.79
13.85
13.93
13.87
13.7
13.82
13.75
13.63
13.71
13.64
13.52
13.32
13.73
13.53
13.64
13.67
13.6
13.36
13.57
13.49
13.71
13.56
13.53
13.59
13.56
13.57
13.72
13.51
13.73
13.56
13.63
13.59
13.37
13.41
13.15
13.25
13.5
13.47
13.05
13.08
13.14
12.94
13.05
13.31
13.11
13.05
12.83
12.89
12.94
12.79
13.05
12.69
12.64
12.9
12.55
12.63
13.11
12.83
12.99
13
13.25
12.89
13.16
13.13
13.04
13.17
13.31
13.05
13.01
13.38
13.22
13.23
13.06
12.77
13.1
12.69
12.8
12.82
12.8
12.71
12.41
12.73
12.54
12.61
12.69
12.62
12.67
12.53
12.75
12.47
12.84
12.66
12.95
12.94
12.85
13.06
12.97
12.75
12.96
12.87
12.8
12.52
12.8
12.67
12.82
12.71
12.54
12.52
12.65
12.6
12.63
12.85
12.55
12.78
12.88
12.86
12.81
12.9
12.71
12.56
12.61
12.62
12.61
12.73
12.63
12.66
12.81
12.81
12.9
12.62
12.86
12.68
13.01
12.92
12.87
12.93
13.11
13.17
13.15
13.14
13.13
13.26
13.22
13.19
13.39
13.38
13.14
13.2
13.53
13.11
13.27
13.42
13.68
13.51
12.84
13.3
13.23
12.91
12.97
13.25
12.84
13.31
13.29
13.07
13.41
13.17
13.25
13.32
13.48
13.41
13.58
13.5
13.63
13.46
13.59
13.61
13.47
13.58
13.7
13.63
13.88
13.83
14
13.82
14.14
13.79
13.79
13.9
13.53
13.67
13.62
13.79
13.82
13.69
14.03
13.89
14.28
13.47
13.63
13.68
13.76
13.9
13.71
13.71
13.7
14
13.82
13.78
13.76
13.69
13.74
13.58
13.55
13.58
13.35
13.54
13.46
13.66
13.48
13.5
13.41
13.76
13.61
13.66
13.69
13.59
13.6
13.44
13.31
13.32
13.33
12.93
13.12
13.05
12.88
12.85
12.78
12.88
12.91
12.87
13.17
12.82
13.17
12.98
13.27
13.06
13.36
12.99
13.11
13.02
12.94
13.13
12.99
12.95
12.8
13.1
12.67
13.01
12.88
12.85
13.11
13.04
13.16
13.08
12.97
13.02
12.91
12.99
12.75
12.62
12.77
12.95
13.04
13.12
13.39
13.13
13.26
13.24
12.98
12.93
13.21
13.13
13.09
13.16
13.21
12.92
13.1
13.02
13.09
12.69
12.96
12.82
12.88
12.79
12.89
12.94
13.17
12.8
12.69
13.02
12.85
12.93
12.91
12.92
12.86
12.8
12.85
12.8
12.62
13.08
12.24
12.58
12.63
12.64
12.79
12.57
12.66
12.54
12.62
12.61
12.68
12.77
12.58
12.6
12.57
12.69
12.75
12.55
12.97
12.88
12.72
12.75
12.78
12.78
12.99
12.83
12.59
12.62
12.87
12.71
12.62
12.68
12.74
12.59
12.65
12.47
12.54
12.58
12.5
12.56
12.98
13.02
12.78
12.8
12.78
12.6
12.72
12.98
12.74
12.6
12.9
12.66
12.84
12.92
12.76
12.87
12.8
12.81
12.78
12.8
12.64
13.01
12.91
13
12.9
13.03
12.84
12.69
12.94
12.82
12.95
12.75
12.99
12.95
13.22
13.33
13.14
13.13
13.19
13.16
13.25
13.12
13.2
13.19
13.47
13.72
13.74
13.88
13.98
13.94
13.93
14.02
14.02
13.78
14.92
13.27
13.44
13.67
13.52
13.49
13.33
13.5
13.55
13.11
13.41
13.32
13.61
13.48
13.62
13.43
13.37
13.3
13.17
13.72
13.68
13.57
13.33
13.63
13.46
13.68
13.36
13.04
13.22
12.93
13.39
13.37
13.42
13.31
13.26
13.57
13.48
13.61
13.47
13.23
13.6
13.48
13.66
13.15
13.87
13.71
13.69
13.68
13.7
13.74
13.68
13.76
13.58
13.42
13.66
13.32
13.58
13.64
13.67
13.47
13.28
13.51
13.28
13.11
13.25
13.4
13.21
13.38
13.29
13.38
13.5
13.34
13.32
13.24
12.99
13.05
12.92
13.03
12.9
12.82
12.7
12.77
12.74
12.7
12.55
12.69
12.49
12.57
12.6
12.51
12.56
12.61
12.41
12.53
12.51
12.58
12.42
12.56
12.33
12.51
12.55
12.44
12.52
12.52
12.66
12.69
12.71
12.53
12.72
12.61
12.87
12.77
12.51
12.71
12.79
12.71
12.88
12.82
12.98
12.65
12.79
12.9
12.64
12.71
12.6
12.9
12.66
12.91
12.61
12.74
12.69
12.67
12.67
12.6
12.63
12.67
12.55
12.65
12.65
12.43
12.51
12.43
12.4
12.5
12.43
12.49
12.51
12.49
12.65
12.73
12.38
12.51
12.56
12.4
12.71
12.48
12.64
12.46
12.79
12.55
12.77
12.54
12.46
12.44
12.43
12.41
12.53
12.43
12.62
12.65
12.67
12.83
12.55
12.76
12.61
12.51
12.64
12.47
12.36
12.49
12.7
12.39
12.53
12.79
12.55
12.71
12.49
12.48
12.47
12.25
12.31
12.12
12.35
12.27
12.32
12.11
12.32
12.18
12.18
12.27
12.29
12.62
12.37
12.77
12.69
12.9
12.88
12.86
12.94
12.97
12.61
12.83
12.61
12.89
12.81
12.97
13.17
12.91
12.77
12.9
12.79
12.98
12.97
12.64
12.65
12.78
13.01
12.98
13.17
13.04
12.86
12.78
12.91
12.67
12.87
12.71
12.77
12.87
13.12
12.84
12.71
12.88
13.04
12.87
13.03
13.16
12.96
13.17
13.21
13.26
13.44
13.17
12.96
12.99
12.9
13.04
13.07
12.93
12.96
13.01
13.17
13.2
13.11
13.14
13.3
13.17
13.15
13.1
13.28
13.06
13.18
12.9
13.41
13.14
13.03
13.24
13.36
13.27
13.02
13.35
13.1
13.13
13.27
13.35
13.45
13.34
13.16
13.01
13.17
13.26
13.16
13.12
13.21
13.1
13.14
13.33
13.35
13.07
13.41
13.3
13.26
13.41
13.35
13.56
13.52
13.82
13.74
13.93
13.71
13.44
13.31
13.27
13.56
13.16
13.56
13.38
13.68
13.51
13.85
13.73
13.72
13.73
13.77
14.09
14.14
14.31
14.32
14.2
14.35
14.09
14.27
14.32
14.15
14.04
14.12
14.12
14.15
14.69
14.16
14.54
14.48
14.5
14.19
14.23
14.03
14.01
13.93
13.76
13.6
13.81
13.81
13.88
13.67
13.74
13.65
13.66
13.55
13.56
13.32
13.52
13.79
13.55
13.63
13.4
13.35
13.19
13.11
13.22
13.15
13.69
13.28
13.31
13.43
13.34
13.23
13.29
13.19
13.01
13.22
13.44
13.28
13.4
13.29
13.47
13.37
13.18
13.29
13.45
13.13
13.48
13.48
13.53
13.45
13.38
13.3
13.44
13.51
13.56
13.37
13.41
13.38
13.85
13.24
13.21
13.32
12.97
13.31
13.08
13.39
13.01
13.27
12.99
13.06
13.24
12.93
13.38
13.15
13.33
13.12
13.38
13.6
13.48
13.66
13.59
13.64
13.55
13.88
13.52
13.67
13.91
13.84
13.79
14.83
12.14
12.25
12.37
12.43
12.29
12.06
12.32
12.34
12.27
12.23
12.17
11.95
12.02
12.18
11.86
11.96
11.97
12.18
12.47
11.95
12.07
12.11
12.12
12.03
11.72
11.81
11.61
11.73
11.78
11.73
11.66
11.55
11.63
11.63
11.65
11.69
11.76
11.49
11.56
11.51
11.37
11.83
11.64
11.67
11.54
11.66
11.41
11.82
11.67
11.68
11.46
11.7
11.79
11.68
11.73
11.73
11.7
11.72
11.4
11.65
11.51
11.51
11.39
11.42
11.8
11.49
11.36
11.61
11.74
11.58
11.66
11.68
11.4
11.57
11.76
11.5
11.82
11.95
11.74
11.64
11.72
11.76
11.82
12.08
12.02
12.26
12.17
12.27
11.97
12.03
12.24
11.94
11.96
11.86
12.05
12.18
12.2
11.99
11.99
12.21
11.89
12.1
12.19
12.32
11.97
11.89
12.13
11.99
12.26
12.09
12.1
12.25
12.17
11.79
12.24
12.18
12.01
12.28
12.18
12.25
12.46
12.53
12.31
12.34
12.49
12.19
12.19
12.24
12.14
12.34
12.2
12.36
11.94
12.1
12.15
12.31
12.36
12.32
12.31
12.45
12.36
12.33
12.58
12.81
12.44
12.49
12.37
12.65
12.41
12.28
12.43
12.24
12.42
12.54
12.39
12.4
12.45
12.29
12.4
12.38
12.21
12.37
12.4
12.34
12.37
12.3
12.12
12.25
12.12
12.36
12.35
12.31
12.26
12.23
12.39
12.21
12.28
12.37
12.08
12.33
12.07
12.14
11.98
12.17
12.16
12.01
12.14
12.42
12.07
12.19
11.94
12.14
11.9
12.09
11.92
12.05
11.8
11.74
12.13
11.78
11.69
11.67
11.64
11.81
11.85
11.91
11.9
12.12
12.19
12.07
12.18
12.14
12.12
11.95
11.86
11.98
11.82
11.89
11.79
11.45
11.97
11.85
11.96
11.9
11.97
11.99
12.24
11.96
12.14
11.99
11.89
11.93
12.23
11.63
11.69
11.58
11.52
11.71
11.51
11.64
11.65
11.8
12.07
11.75
11.96
11.71
11.66
11.6
11.56
11.8
11.79
11.67
11.58
11.62
11.64
11.85
11.7
11.51
11.49
11.86
11.65
11.28
11.39
11.34
11.57
11.49
11.2
11.53
11.59
11.43
11.24
11.42
11.6
11.43
11.46
11.57
11.89
11.36
11.94
11.35
11.39
11.44
11.34
11.4
11.64
11.34
11.45
11.54
11.79
11.44
11.44
11.49
11.57
11.53
11.4
11.76
11.55
11.53
11.69
11.68
11.97
11.84
11.54
11.89
11.74
11.81
11.82
11.8
11.75
11.82
11.99
11.89
12.09
11.99
11.82
11.93
11.86
11.92
11.82
11.98
11.92
11.76
11.79
11.76
11.7
11.66
11.72
11.71
11.75
11.87
11.8
11.95
11.91
11.9
11.81
12.13
11.91
11.98
11.7
11.86
11.95
11.89
11.98
11.79
11.74
11.83
11.73
11.77
11.68
11.97
11.93
11.78
12.25
12.02
12.38
12.4
12.26
12.21
12.54
12.3
12.03
12.26
12.29
12.18
12.49
12.72
12.75
12.91
13.1
12.92
12.91
13.1
13.09
12.9
13.13
13.09
13.19
13.58
13.39
13.35
13.52
13.24
12.98
13.38
13.25
12.94
13.18
12.92
12.92
13.06
13.08
13.07
12.96
12.96
13.09
12.84
13.18
13
13.04
12.85
13.26
12.91
12.92
12.79
12.74
12.65
12.7
12.6
12.49
12.64
12.74
12.87
13.04
12.74
12.64
12.87
12.77
12.57
12.59
12.81
12.79
12.65
12.93
12.73
12.69
12.71
12.81
12.71
12.85
12.85
13.02
13.75
16.71
13.6
13.89
14.37
13.86
14.46
14.16
14.28
14.3
14.37
14.15
14.17
14.67
14.34
13.98
14.22
14.31
13.99
13.97
14.07
13.93
14.15
14.28
14.08
14.2
14.12
13.91
14.07
13.93
14.15
14.33
14.01
14.24
14.36
14.24
14.39
14.32
14.79
13.96
14.3
14.12
14.29
14.21
14.24
14.16
14.21
14.51
14.12
14.41
13.96
14.22
14.6
13.66
14.35
14.14
14.14
14.47
14.32
14.55
14.45
14.08
14.05
14.28
13.74
14.49
14.04
14.55
14.55
14.13
14.58
14.29
14.51
13.91
14.13
13.9
14.06
13.9
13.71
13.74
13.98
14.26
13.94
13.86
14.05
13.92
13.8
13.72
13.68
13.43
13.53
13.68
13.78
13.3
13.62
14.04
13.5
14.03
13.59
13.35
13.75
14.14
13.7
13.81
13.58
13.78
13.53
13.46
13.76
13.47
13.41
13.89
13.32
13.9
13.71
13.79
14.12
13.75
13.78
13.57
14.33
13.92
13.87
13.9
13.87
13.77
13.78
13.65
13.14
13.2
13.51
13.7
13.81
13.9
13.39
13.28
13.64
13.45
13.58
13.44
13.34
13.27
13.57
13.22
13.21
13.67
13.46
13.92
13.28
13.59
13.6
13.6
13.6
13.64
13.97
13.73
13.93
14.47
13.58
13.95
14.08
13.63
14.19
13.97
13.99
14.02
14.38
14.02
14.04
14.4
14.41
14.91
14.16
14.68
14.87
14.62
14.81
14.88
14.9
15.02
14.81
15.09
14.53
14.6
14.57
14.68
14.57
14.3
14.48
14.72
14.5
14.66
14.7
14.6
14.5
14.64
14.57
14.43
14.35
14.75
15.01
14.8
14.61
14.63
14.76
15.17
15.12
14.69
14.91
14.82
15.02
14.7
14.83
14.91
14.92
15
15.59
14.84
15.2
14.68
15
14.76
15.07
14.98
14.89
15.14
14.62
15.11
15.35
15.4
15.02
15.34
15.15
15.47
15.08
15.1
15.12
14.81
15.36
14.75
15.17
14.91
15.02
15.07
15.09
15.04
14.76
15.23
14.95
15.21
15.09
14.8
15.04
14.69
14.88
14.61
15
14.79
14.6
14.63
15.01
15
14.88
15.22
14.61
14.84
14.61
14.35
14.7
15.08
14.27
14.9
14.98
14.84
15.26
14.94
14.93
14.58
14.91
15.03
14.59
14.82
14.88
14.93
14.78
15.02
14.82
15.07
15.24
14.89
15.05
14.85
15.12
14.99
15.04
15.05
15.05
14.52
14.76
14.7
14.94
14.53
14.85
14.5
14.34
14.58
14.82
14.34
14.57
14.86
14.21
14.15
14.19
13.84
14.29
13.93
14.03
14.21
13.78
13.47
13.7
13.95
14.3
13.66
14.28
14.05
14.33
14.05
14.26
14.06
14.22
14.15
13.95
14.02
13.74
13.57
13.76
13.96
13.36
13.78
13.66
13.71
13.32
13.56
13.67
13.56
13.48
13.29
13.49
13.18
13.79
13.21
13.28
13.71
12.96
13.42
13.31
13.49
13.37
13.66
13.51
13.66
13.8
13.71
13.48
13.71
13.55
13.67
13.77
13.87
14.01
13.59
13.98
13.64
14.27
13.6
13.7
13.81
14.03
14.23
13.77
13.79
13.8
14.01
13.7
13.81
13.51
13.7
13.84
13.4
13.23
13.45
13.68
13.54
13.84
13.45
13.53
13.81
13.88
13.82
13.72
13.72
13.52
13.65
14.08
13.9
14.23
13.99
14.03
13.93
14.06
13.95
13.86
14.13
13.81
13.78
13.82
14.04
13.87
14.18
14.35
13.77
14.3
14.2
14.13
14.83
14.24
14.25
14.54
14.97
14.58
14.48
15.53
13.35
14.22
14.19
14.03
14.22
13.92
13.86
14.02
14
13.99
13.65
13.92
14.12
14.21
14.37
14.29
14.41
14.25
14.18
14.34
13.69
14.24
13.76
14.41
13.97
14.33
14.12
13.95
14.46
14.65
14.65
14.54
14.38
14.54
14.15
14.55
14.53
14.21
14.06
14.42
13.81
14.3
14.1
14.29
14.44
14.25
14.34
14.27
14.29
14.06
14.69
14.44
14.53
14.19
14.52
14.28
14.19
14.52
14.23
14.02
14.25
13.92
13.76
14.11
13.84
13.63
14.41
13.99
14.27
13.98
14.04
14.38
13.62
14.03
14.09
14.63
14.17
14.2
14.25
14.09
14.31
14.01
13.97
14.63
14.29
14.07
14.13
14.43
14.47
14.36
14.22
14.2
14.5
13.96
14.14
14.47
14.74
14.25
14.58
14.71
14.4
14.27
14.63
14.48
14.62
14.74
14.86
15.03
14.85
14.67
14.74
14.68
14.63
14.83
14.5
14.62
14.4
14.49
14.36
14.21
14.26
13.81
14.07
14.54
14.78
14.26
14.03
14.25
14.17
14.31
13.91
14.42
13.65
13.76
13.91
13.58
14.29
13.46
13.9
13.59
13.53
14.15
13.43
13.43
13.57
13.3
13.96
13.61
13.36
13.44
13.61
13.28
13.33
13.48
13.46
13.21
13.26
12.97
13.7
13.12
12.85
13.01
13.04
13.21
13.04
13.18
13.74
13.03
13.24
12.89
13.4
13.17
13.1
12.96
13.01
13
12.92
13.41
12.75
13.2
12.87
13.05
13.54
12.97
12.78
13.08
13.26
12.78
12.73
12.69
12.44
13.02
13.1
13.09
13.64
12.9
12.92
12.88
13.1
12.98
12.77
12.58
12.91
12.8
12.52
12.69
12.72
12.9
12.86
12.92
12.83
13.11
13.24
13.1
13.09
13
12.71
12.76
12.72
12.94
12.6
13.13
12.37
13.16
13.06
13.39
13.22
13.47
13.24
13.1
13.48
13.65
13.4
13.43
13.53
13.41
13.48
13.13
13.23
13.5
13.16
13.19
13.23
13.2
13.47
12.88
13.44
13.04
13
13.13
12.91
13.24
13.02
12.84
13.27
12.94
13.41
13.33
13.19
13.62
13.07
13.35
13.24
13.5
12.9
13.38
13.38
13.47
13.62
13.78
13.67
13.92
13.21
13.56
13.81
13.49
13.61
13.61
13.58
13.47
13.37
13.67
13.7
13.61
13.58
13.92
13.8
14.06
13.98
13.92
14.32
14.41
14.22
13.79
14.06
14.15
14.23
13.72
14
13.78
14.22
13.54
13.71
14.14
14.1
14.45
14.08
14
14.21
14.31
14.37
13.96
13.83
14.12
14.3
14.44
14.14
14.66
14.81
14.57
14.85
14.89
15.02
14.83
15.1
15.45
15.13
15.33
15.12
15.13
15.05
15.2
15.13
15.01
14.63
14.97
14.87
14.8
14.98
15.03
14.79
14.63
14.99
15.04
14.62
14.76
14.49
15.44
14.69
15.09
14.75
15.13
14.66
14.63
15.14
14.87
15.06
14.72
14.69
14.97
15
15.26
14.78
14.84
14.76
15.12
15.16
15.32
14.81
14.97
14.99
14.93
14.71
14.66
14.79
14.01
14.21
14.45
14.22
14.14
14.3
14.17
14
13.69
14.2
13.21
13.67
13.87
13.7
13.47
13.31
13.78
13.9
13.73
13.44
13.48
13.81
13.29
13.54
13.73
13.56
13.44
13.35
13.08
13.18
13.33
13.35
13.15
13.42
13.17
13.26
13.27
13.27
13.01
12.99
13.24
12.98
13.19
13.12
13.42
13.5
13.81
13.84
13.81
13.61
13.46
13.77
13.52
13.53
13.94
13.55
14.45
13.41
13.65
13.67
13.35
14.22
13.38
13.68
13.49
13.37
13.43
13.18
13.41
13.75
13.47
13.83
13.54
13.59
14.2
14.12
14.04
13.85
13.87
13.43
13.8
14.03
13.99
13.57
13.6
13.92
13.64
13.59
13.47
13.48
13.21
13.5
13.87
13.37
13.04
13.03
13
12.74
12.92
13.09
13.14
12.96
13.18
12.93
12.96
13.25
12.51
13.03
12.94
12.99
13.06
12.97
13.14
12.46
13.06
13.05
13.04
12.95
12.96
12.98
13.06
12.86
12.75
13.28
13.05
12.97
12.85
13.38
13.02
13.04
13.01
13.25
13.03
13.31
13.2
13.2
13.3
13.61
13.3
13.35
13.14
13.22
13.44
13.33
13.37
13.8
13.6
13.6
13.53
13.4
13.55
13.67
13.62
13.93
13.37
13.62
13.53
13.45
13.49
13.89
13.69
13.43
13.93
13.69
14.12
14.35
14.35
14.01
14.37
14.44
14.21
14.28
14
14.37
14.17
14.21
14.55
14.28
14.16
14.77
14.52
14.95
14.65
14.65
14.76
14.97
14.66
14.53
14.71
14.5
14.84
14.87
15.08
15.38
15.04
15.14
15.14
15.35
15
14.94
14.91
15.11
14.63
14.74
15.49
14.86
14.93
15.04
15.09
15.07
15.03
15.28
14.83
15.06
14.91
15.16
15.21
15.59
15.41
15.23
15.39
15.24
15.21
15.69
14.63
15.1
15.34
14.92
14.75
15.06
15.19
14.86
15.39
14.96
14.96
14.84
15.52
15.19
14.88
15.21
15.26
15.41
15.16
15.43
14.95
15.32
15.06
15.23
15.49
15.14
15.33
14.84
15.31
15.41
14.96
15.42
15.18
15.19
15.26
15.37
15.51
15.65
15.34
15.19
15.47
15.77
15.54
14.78
14.89
15.15
14.94
14.63
14.38
14.64
14.06
14.4
14.23
14.37
14.18
13.92
14.29
14.27
14.35
14.31
14.52
14.37
14.41
14.79
14.7
14.64
14.58
14.18
14.43
14.79
14.7
14.41
14.25
14.13
13.89
14.03
14.12
14.24
14.08
14.47
14.07
14.62
13.97
14.07
14.07
14.4
14.1
13.93
14.2
13.64
13.87
13.69
13.76
14.25
13.52
13.4
13.86
13.55
13.43
13.11
13.29
13.45
13.44
13.5
13.82
13.23
13.28
13.13
13.44
13.38
13.33
13.55
13.37
13.51
13.56
13.69
13.23
13.41
13.37
13.4
13.7
13.49
13.07
13.65
13.32
13.52
13.16
13.43
13.77
13.39
13.83
13.41
14.23
13.49
14.06
13.27
13.78
13.31
13.66
13.27
13.45
13.61
13.75
13.76
13.7
13.69
13.53
13.21
13.66
13.52
13.28
13.42
13.66
13.33
13.46
13.45
13.71
14.07
13.5
13.44
13.62
13.39
13.87
13.51
13.83
13.71
14.09
14.05
14.03
13.94
13.83
13.74
13.74
13.39
13.98
13.41
13.92
13.6
13.98
13.95
13.65
13.32
14.2
13.59
13.81
14
13.65
13.89
14.71
14.23
14.05
14.36
14.25
14.27
14.65
14.33
14.77
13.99
14.43
14.04
14.84
14.39
14.47
14.82
14.83
14.6
14.81
14.97
15
15.25
15.02
15.07
15.01
15.07
15.28
15.01
15.47
15.16
15.1
15.22
15.26
15.03
15.44
15.13
15.08
15.45
15.3
15.2
14.61
15.07
15.1
14.94
14.97
15.2
15.06
14.73
14.98
15.06
14.52
15.02
14.96
14.9
15.04
15.3
14.8
14.98
15.25
15.25
15.47
15.88
15.46
15.6
16.04
15.59
16.57
16.28
16.01
16.12
16.27
15.89
16.38
16.35
16.48
16.55
17.39
17.26
17.74
17.61
17.57
17.3
16.92
17.23
17.29
16.89
16.97
17
16.98
16.79
16.91
17.04
16.74
17.19
17.34
17.52
17.4
17.26
17.5
17.52
17.01
16.72
17.25
17.23
17.01
16.59
16.67
16.64
16.65
16.46
16.16
16.14
16.14
16.11
15.69
15.89
16.11
16.09
15.93
16.08
15.88
15.47
16.1
15.54
15.37
15.49
15.45
15.68
15.8
15.42
15.49
15.51
15.57
15.33
15.54
15.6
15.48
15.35
15.39
15.3
15.47
15.54
15.22
15.49
15.52
15.66
15.23
15.91
15.59
15.52
15.13
15.17
15.07
14.94
15.67
15.04
15.18
15.26
15
15.07
15.36
15.14
15.1
14.77
15.12
15.1
15
15.12
14.88
15.27
14.97
14.64
14.79
15.35
14.96
15.59
14.92
15.12
15.14
15.18
15.06
15.18
15.02
14.85
14.72
14.89
14.53
14.77
15.19
15.16
15.15
15.08
15.27
14.85
15.48
14.92
15.05
15.2
14.6
14.89
15.06
14.88
15.4
14.78
14.69
14.85
15.19
15.24
14.94
14.83
14.97
15.04
14.63
15.07
14.41
14.99
14.68
14.97
14.89
14.62
14.75
14.66
15.14
14.63
15.14
14.65
14.76
14.79
14.67
14.59
14.48
14.4
14.54
14.65
14.6
14.55
14.34
14.85
14.73
14.8
14.67
14.92
14.45
14.6
15.08
15.21
15.02
14.94
15.18
15.62
15.25
15.66
15.39
15.08
15.25
15.23
16.08
15.93
15.16
15.73
15.51
15.55
15.47
15.79
15.05
15.82
15.56
15.49
16.11
15.88
16.09
16.22
16.19
16.21
16.21
16.06
16.2
16.11
16.13
16.45
16.22
16.12
16.2
16.25
16.47
16.73
16.56
16.25
16.5
16.43
16.6
16.6
16.63
16.64
16.91
16.71
16.44
16.13
16.8
16.57
17.86
16.07
16.72
16.76
16.82
17.1
16.9
17.2
16.71
17.61
17.14
17.09
17.28
17.55
17.41
16.78
17.16
17.45
16.94
17.18
17.14
17.22
17.22
17.43
17
17.38
16.53
17.09
17.15
16.98
17.28
17.14
17.12
16.88
17.2
16.89
16.95
16.72
16.63
16.7
16.66
16.62
16.87
16.75
16.82
16.4
17.13
16.91
16.93
17.01
17.16
16.97
17.16
16.98
16.92
16.73
16.88
16.77
16.91
17.32
16.92
17.23
17.17
17.08
17.11
17.26
17.11
16.54
16.78
16.7
17
16.83
17.12
16.86
16.91
16.81
16.95
16.46
16.25
16.39
16.48
16.24
16.18
15.94
15.96
15.73
15.6
16.11
15.62
15.9
16.06
16.01
16.12
15.68
15.61
15.61
15.64
15.57
15.72
15.54
16.38
15.71
15.46
15.6
15.61
15.54
15.73
15.79
15.77
15.74
15.67
15.88
15.57
16.06
14.95
15.39
15.23
14.94
15.48
15.1
15.36
14.7
14.9
14.83
15.07
15.1
15.02
14.62
14.85
15.09
14.71
14.68
14.82
15.03
14.95
14.82
15.12
14.89
14.86
14.87
14.84
14.86
14.39
14.62
14.65
14.69
14.69
14.72
14.79
14.96
14.69
14.66
15
14.99
14.92
15.38
14.74
15.12
14.89
14.74
14.96
15.19
14.79
15.26
14.91
14.74
14.85
15.57
15.05
15.25
15.22
15.31
15.16
15.31
14.95
15.26
15.48
15.74
15.22
15.48
15.66
15.36
15.51
15.13
15.43
15.35
15.26
15.17
15.42
15.4
15.24
15.46
15.39
15.35
15.17
14.98
15.62
15.67
15.96
15.91
16.09
16.11
16.18
16.28
16.25
16.18
16.37
15.86
17.6
14.51
14.17
14.54
14.5
14.56
13.79
13.85
14.13
13.68
14
13.87
14.02
14
14.04
14.09
14.36
14.34
14.51
14.45
14.28
14.53
14.33
14.87
14.29
14.86
14.4
14.56
15.11
14.72
15.38
14.67
15.15
14.93
14.73
15
15.09
15.16
15.16
15.38
15.79
15.19
15.72
14.9
15.62
15.34
15.41
15.31
15.25
15.48
15.53
15.62
15.5
15.11
15.7
15.09
15.5
15.79
15.59
15.12
15.4
16.09
15.42
15.65
15.41
15.18
15.04
15.02
15.21
15.29
15.31
14.89
15.29
15.22
15.44
14.99
14.85
14.99
15.13
15.53
15.39
15.7
15.87
15.6
15.82
16.08
15.7
15.46
15.77
15.77
15.91
15.86
15.15
15.79
15.74
15.78
15.51
15.86
15.52
16.07
15.99
15.76
15.97
15.77
16.32
15.99
16.4
16.09
16.31
15.85
16.38
16.25
16.08
16.53
15.89
15.94
16.15
16.44
16.5
16.26
16.37
16.36
16.05
16.25
16.08
15.78
15.64
15.51
15.43
15.77
15.93
15.29
15.63
15.24
15.09
15.23
14.81
15.16
15
14.87
15.22
15.36
15.29
15.29
15.2
14.83
14.71
14.66
14.94
15.08
14.64
14.93
15.32
14.95
15.04
14.97
14.96
14.81
15.39
15.1
15.36
14.93
15.16
15.15
15.02
14.87
14.79
14.85
14.58
14.87
14.58
14.62
14.45
15.18
14.84
15.02
15.16
14.66
14.82
14.52
14.64
14.42
14.51
14.32
14.42
14.94
14.57
14.28
14.32
14.06
14.08
13.58
14.09
13.96
14.09
13.96
14.46
14.1
14.05
14.12
13.32
14.05
13.4
13.84
13.85
13.79
13.45
13.93
13.5
13.85
13.36
13.93
13.28
13.8
13.63
13.65
13.71
13.42
13.62
13.69
13.56
13.79
14.12
13.6
13.94
13.89
13.65
13.47
13.72
13.99
13.85
13.33
13.8
13.22
13.69
13.16
13.49
13.48
13.54
13.11
13.42
13.54
13.8
13.41
13.27
13.42
13.15
13.73
13.93
13.63
14.29
13.89
13.88
14.39
14
13.63
13.55
13.75
13.54
13.33
13.48
14.04
14.16
13.65
13.98
14
13.94
14.18
14.53
13.88
14.31
14.34
14.39
14.47
14.98
15.45
15.23
15.15
14.7
14.88
14.67
14.36
14.47
14.46
14.86
14.87
14.93
14.84
14.96
14.52
14.22
15.13
14.44
14.86
14.51
14.62
14.84
14.62
15.13
14.86
15.05
15.18
14.7
15.04
14.6
15.04
14.84
15.13
15.54
15.08
14.97
14.46
15.29
14.35
14.89
14.47
15.19
14.72
15.06
14.86
15.14
14.76
14.89
14.95
15
15.02
15.05
14.61
14.76
14.94
15.09
15.7
15.51
15.33
15.29
15.09
15.05
15.72
15.21
15.57
15.11
15.23
15.41
16.01
15.52
15.73
15.55
15.24
14.85
15.01
14.64
15.11
14.65
14.93
15.12
15.71
15.3
15.62
14.82
15.27
15.14
15.01
15.36
14.76
14.93
15.29
15.4
15.14
15.28
15.31
15.15
15.08
15.45
15
15.08
15.24
15.29
15.21
15.25
15.13
15.16
15.36
15.3
15.35
15.29
14.87
14.79
15.12
14.89
14.86
14.79
14.98
14.87
14.56
15
14.65
14.63
14.75
14.35
14.83
14.79
15.28
14.41
14.25
14.73
14.22
14.59
14.28
14.69
14.13
14.53
14.51
14.27
14.65
13.89
14.26
13.96
14.14
13.61
13.8
14.29
13.86
14.45
14.26
14.17
13.95
14.2
14.34
13.92
14.36
13.82
13.55
0
