-20.4821
-18.2264
-18.8468
-18.8563
-18.7629
-18.7934
-18.4799
-18.7646
-18.9075
-18.8723
-18.8752
-19.1496
-18.9626
-18.7065
-18.9209
-18.7304
-18.8362
-18.3521
-18.4561
-18.7412
-18.6714
-18.5337
-18.7334
-18.5761
-18.664
-18.8318
-18.337
-18.6435
-18.1801
-18.209
-18.309
-18.4393
-18.1579
-17.9652
-18.0724
-18.2413
-18.1334
-18.6133
-18.1161
-18.3152
-17.7796
-18.0729
-17.9495
-18.189
-18.5806
-17.9747
-18.2427
-18.3651
-18.2629
-18.1565
-17.9644
-18.4286
-17.6528
-18.2886
-18.3539
-18.4146
-18.2942
-18.6627
-18.3582
-18.8796
-18.6946
-18.4299
-18.1673
-17.7581
-18.3115
-18.2091
-18.1094
-18.5127
-17.9722
-18.286
-18.3676
-18.363
-17.8077
-18.2764
-18.1501
-18.0688
-17.9488
-18.0536
-17.8375
-18.1497
-18.1221
-17.8884
-17.9489
-18.1843
-17.5478
-17.4583
-17.5676
-18.2825
-17.9076
-18.4047
-17.9645
-17.7594
-18.0626
-18.1056
-18.2078
-17.6522
-17.5905
-17.7393
-17.7381
-17.9058
-17.8161
-17.7227
-17.5322
-17.5803
-17.3991
-17.33
-17.4232
-17.5616
-17.6148
-17.6203
-18.0806
-17.5778
-17.6156
-17.6885
-17.4819
-17.6657
-17.6132
-17.4771
-17.5413
-17.6126
-17.2582
-17.9647
-17.9514
-17.8677
-17.6706
-17.7151
-17.5545
-17.5634
-17.6128
-17.5439
-17.6803
-17.8982
-17.6433
-17.6953
-17.8339
-17.7601
-17.6341
-17.9467
-17.5272
-17.7639
-17.6596
-17.7826
-17.609
-17.6456
-18.1134
-17.7583
-17.724
-17.8665
-17.9423
-17.4968
-17.5391
-17.8255
-17.3812
-17.5487
-17.7577
-17.7433
-17.8038
-17.3857
-17.7045
-17.724
-18.0209
-17.7822
-17.6611
-17.8427
-17.6352
-17.9096
-17.7822
-18.0253
-18.3258
-18.0671
-18.1657
-17.8999
-18.0516
-18.0618
-17.9876
-17.9375
-18.308
-18.5348
-18.6091
-18.5591
-18.1878
-17.9423
-17.7836
-18.2542
-17.6621
-18.0209
-17.6429
-17.4393
-17.9726
-18.0166
-17.9334
-17.7276
-17.7594
-17.6977
-17.6508
-17.7326
-17.3487
-17.3286
-17.212
-17.6087
-17.6059
-17.6016
-17.9974
-17.5325
-17.9429
-17.5808
-17.5066
-17.4285
-17.0791
-17.1271
-17.1308
-17.1813
-17.1933
-17.0468
-17.559
-17.4893
-17.2225
-17.2543
-17.0661
-17.0614
-16.9289
-17.2996
-17.0447
-17.2014
-17.437
-17.107
-17.2756
-17.2926
-17.2261
-16.9046
-17.1156
-17.0754
-17.427
-17.3674
-17.3916
-17.227
-17.1347
-17.3882
-17.2611
-17.5448
-17.5331
-17.5118
-17.2243
-17.3388
-17.4476
-17.3652
-17.1879
-17.3301
-17.449
-17.4309
-17.3
-17.1784
-17.03
-17.0372
-16.7146
-16.9125
-16.7901
-16.9509
-16.8082
-16.893
-16.6695
-16.8739
-17.0539
-16.9547
-16.6272
-16.5852
-16.8427
-16.5121
-16.8064
-16.5831
-16.5667
-16.8536
-16.4816
-16.7176
-16.5781
-16.189
-16.4356
-16.5109
-16.8059
-16.4531
-16.638
-16.9786
-16.76
-16.5488
-16.535
-16.4004
-16.1038
-16.494
-16.2155
-16.2685
-16.5563
-16.5618
-16.4256
-16.3645
-16.4784
-16.6278
-16.4209
-16.5628
-16.4681
-16.5341
-16.5116
-17.0121
-16.4944
-16.4406
-16.7277
-16.7522
-16.4644
-16.8168
-16.6057
-16.1328
-16.4145
-16.3445
-16.3704
-16.6843
-16.5442
-16.5534
-16.5791
-16.4649
-16.6086
-16.7933
-16.4693
-16.6703
-16.4527
-16.6606
-16.971
-17.0457
-16.8101
-16.7439
-16.6207
-16.8999
-16.8544
-16.487
-16.5133
-16.5315
-16.7556
-16.812
-17.0401
-16.4871
-16.6457
-16.6523
-17.2974
-16.546
-16.4461
-16.765
-16.7159
-16.8029
-16.8912
-17.1373
-16.7262
-17.1433
-16.9032
-17.1919
-17.0668
-16.6153
-16.7005
-16.6321
-16.464
-16.7139
-17.068
-16.9409
-16.7967
-17.2208
-17.4217
-17.007
-16.7527
-16.7108
-16.9622
-16.8529
-17.0796
-17.2541
-17.2538
-17.4101
-16.9156
-17.371
-16.933
-16.8722
-16.618
-17.0957
-16.6111
-16.7864
-16.7318
-17.0536
-17.016
-16.9478
-16.8354
-16.7082
-16.8996
-16.7822
-16.6389
-16.7292
-16.8759
-17.0641
-17.1061
-17.1941
-16.8985
-16.9888
-17.1856
-17.2654
-16.8528
-17.1012
-17.1166
-16.975
-17.0469
-17.4699
-17.2958
-17.2153
-17.2915
-17.3951
-17.3142
-17.4315
-17.0607
-17.4786
-17.459
-17.6747
-17.4188
-17.4663
-17.6959
-17.6873
-17.9796
-18.2946
-17.8389
-18.36
-17.9966
-18.0812
-18.8694
-18.5598
-18.9293
-18.4837
-19.044
-18.5475
-18.6583
-20.2955
-19.5605
-19.3582
-19.541
-19.6014
-19.4567
-19.4401
-19.5263
-19.2174
-19.1972
-18.9767
-18.7973
-18.9392
-18.8265
-18.8078
-19.4135
-19.1672
-19.378
-19.3336
-19.5257
-19.1812
-19.0895
-19.3312
-18.9009
-19.1963
-18.8854
-19.2398
-18.883
-18.9503
-19.0386
-19.1604
-19.0103
-18.6536
-18.6313
-18.3975
-18.3683
-18.5038
-18.4074
-18.8162
-18.598
-18.6688
-18.4656
-18.9189
-18.588
-18.6379
-18.4084
-18.3125
-18.1389
-18.5372
-18.5879
-18.3671
-18.6946
-18.7401
-18.5075
-18.5029
-18.4254
-18.1533
-18.2421
-18.1543
-18.3014
-18.4298
-18.5727
-18.584
-18.4515
-18.3973
-18.3244
-18.2622
-18.5326
-18.5163
-18.2373
-18.0879
-18.2747
-18.7377
-18.4321
-18.3088
-18.228
-18.7151
-18.2175
-18.0975
-17.906
-17.8229
-18.0187
-17.8495
-18.2861
-18.5878
-18.0355
-18.1327
-18.3292
-18.0062
-18.0065
-17.9921
-17.8468
-18.1072
-18.2607
-17.9555
-18.2277
-18.7105
-18.6486
-18.2035
-18.4804
-18.2715
-17.9846
-17.9001
-18.1903
-18.338
-18.3774
-18.6239
-18.418
-18.4564
-18.8897
-18.4555
-18.6722
-18.2453
-18.0714
-18.3029
-18.3208
-18.5738
-18.3315
-18.3409
-18.334
-18.4518
-18.4643
-18.4401
-18.1713
-18.0487
-18.2952
-18.0472
-18.4809
-18.52
-18.6058
-18.3284
-18.7287
-18.8819
-18.2787
-18.426
-18.5115
-18.4294
-18.4063
-18.7136
-18.9174
-19.0448
-18.8658
-19.2737
-18.837
-19.3049
-19.1479
-18.6768
-19.1779
-19.0416
-19.0955
-18.9852
-18.972
-18.6526
-18.7992
-18.9192
-18.9024
-18.7244
-18.7774
-19.0292
-18.7534
-19.1462
-19.148
-19.154
-19.3084
-19.3838
-19.3693
-19.3399
-19.711
-19.286
-18.8141
-19.0676
-19.5039
-19.3357
-19.3188
-19.575
-19.2656
-19.342
-19.3876
-19.5106
-19.0664
-19.5171
-19.3676
-19.5019
-19.574
-19.4621
-19.7466
-19.4373
-19.7255
-19.7065
-19.516
-19.5138
-19.4311
-19.5468
-19.4615
-19.7723
-20.2108
-20.0419
-19.7572
-20.3156
-20.2778
-20.1741
-20.1269
-19.7697
-19.9448
-20.0511
-20.346
-20.3751
-20.2173
-20.5463
-20.35
-20.2918
-20.5987
-20.6965
-20.332
-20.7873
-20.6895
-20.7798
-20.7876
-20.8653
-20.6127
-20.7827
-20.4906
-21.0011
-20.4824
-20.7356
-20.2532
-20.785
-20.3085
-20.7086
-20.5359
-20.9424
-20.6556
-20.8041
-21.0524
-21.0282
-20.9839
-20.6378
-20.9902
-21.0307
-20.9052
-21.2336
-20.6575
-20.4995
-20.7258
-20.7824
-20.6866
-19.9956
-20.6391
-19.9704
-20.2434
-20.4767
-20.5142
-20.4349
-20.4258
-20.1589
-20.3543
-20.3869
-20.2451
-20.421
-19.9986
-20.4278
-20.2627
-20.0669
-20.5097
-20.249
-20.0461
-20.4515
-20.6667
-20.4243
-20.4928
-20.296
-20.0988
-20.6738
-20.4172
-20.5355
-20.5348
-20.8364
-20.6298
-20.5799
-20.485
-20.1268
-20.134
-20.2115
-20.2789
-20.2097
-20.5947
-20.5672
-20.0962
-20.9008
-20.8408
-20.5466
-20.9068
-20.7994
-20.6381
-20.5255
-20.9172
-20.7965
-20.615
-20.7095
-20.3971
-20.2772
-20.5787
-19.8555
-19.7283
-19.8468
-19.9057
-19.9827
-20.1308
-19.6945
-20.0726
-19.857
-19.9519
-19.6614
-19.7196
-19.5761
-19.3148
-19.2695
-19.3035
-19.4822
-19.2379
-18.907
-19.2938
-18.9695
-19.3235
-19.1565
-19.0602
-19.1556
-19.252
-19.3033
-19.5887
-19.6547
-19.5624
-19.4965
-19.6137
-19.5532
-19.5475
-19.4517
-19.6265
-19.1779
-19.2818
-19.4646
-19.2726
-19.5667
-19.3145
-19.8951
-19.2639
-19.652
-19.6898
-19.5528
-19.2323
-19.3985
-19.262
-19.3116
-19.3721
-19.1099
-19.1891
-19.3886
-18.9564
-19.0656
-19.0965
-18.9076
-18.8568
-19.1398
-18.8651
-18.7398
-18.7952
-18.8487
-18.7314
-18.8261
-18.8362
-18.5773
-18.5035
-18.2247
-18.3231
-18.4121
-18.6581
-18.4012
-18.513
-18.4209
-18.288
-18.6596
-18.5806
-18.1653
-18.4349
-17.8827
-18.5321
-18.0908
-18.3665
-18.1368
-18.2561
-18.2357
-17.8171
-18.2226
-17.9688
-17.9324
-18.0789
-17.8708
-18.2248
-18.1785
-18.2197
-18.2605
-18.4396
-18.3399
-18.5853
-18.4774
-18.2219
-18.4557
-18.5704
-18.6407
-18.6487
-18.5724
-18.6569
-18.6607
-19.0632
-18.7124
-18.7766
-18.7607
-18.6282
-19.0115
-19.2108
-19.5545
-19.4217
-19.7641
-19.8767
-19.8081
-19.8817
-19.9234
-19.781
-19.7951
-19.7784
-20.4313
-20.1636
-21.9295
-19.4457
-18.9493
-19.166
-19.1307
-19.1678
-18.7202
-18.8749
-19.0114
-18.9943
-18.6871
-18.5099
-18.9922
-18.9663
-18.8557
-18.8504
-18.5514
-18.6526
-18.7617
-18.9676
-18.8909
-19.179
-18.7479
-18.8692
-19.0391
-18.9541
-19.1885
-18.8114
-18.4832
-18.3905
-18.7128
-18.5449
-18.8337
-18.6682
-18.4419
-18.6042
-18.7777
-18.5226
-18.4555
-18.2123
-18.6236
-18.2477
-18.5771
-18.5695
-18.4638
-18.4094
-18.4835
-18.3171
-18.4487
-18.5786
-18.2313
-18.5088
-18.6867
-18.5528
-18.5737
-18.5608
-18.5537
-18.1735
-18.5537
-18.1283
-18.7501
-18.4231
-18.503
-18.3038
-18.138
-18.4335
-18.6019
-18.8268
-18.7066
-18.8966
-18.7624
-18.9919
-18.7991
-18.7709
-18.9453
-19.2661
-19.1564
-19.2791
-19.0086
-18.9805
-19.3471
-19.4111
-19.0363
-18.8985
-18.8548
-19.116
-18.9721
-19.0692
-19.0683
-18.9089
-18.989
-18.8749
-19.0704
-18.8784
-18.731
-18.8542
-18.6251
-18.6426
-18.699
-18.7819
-18.9436
-18.8002
-18.9773
-19.1923
-19.1735
-19.0092
-19.1548
-18.7013
-18.8789
-19.0164
-19.003
-18.8538
-18.828
-18.6008
-18.6213
-18.4158
-18.3988
-18.7261
-18.4362
-18.2846
-18.9117
-18.5928
-18.309
-18.6178
-18.3406
-18.8784
-18.8616
-18.6617
-18.7388
-18.4806
-18.3167
-18.6342
-18.6308
-18.5471
-18.5175
-18.6195
-18.5813
-18.6078
-18.6231
-18.5095
-18.3547
-18.585
-18.1515
-18.7064
-18.5317
-18.1629
-18.5364
-18.3208
-18.5151
-18.2277
-18.4321
-18.0109
-18.0136
-18.1298
-18.1902
-18.2984
-18.2128
-18.0232
-18.0511
-18.2934
-18.1972
-18.0778
-17.8347
-17.8747
-18.0509
-18.3327
-18.0067
-18.2121
-18.1298
-18.5095
-18.066
-18.2796
-18.0158
-18.2392
-17.8128
-18.2252
-18.1909
-18.2207
-18.2444
-18.3413
-18.3775
-17.9931
-17.8294
-18.1134
-17.8682
-17.6022
-17.758
-17.8228
-17.7389
-18.0374
-18.1566
-18.0039
-18.3737
-18.2992
-18.2411
-18.0639
-18.3204
-18.1265
-18.1036
-18.4499
-18.4699
-18.4412
-18.3487
-18.3334
-18.0582
-18.0681
-17.7012
-17.6831
-17.4801
-17.768
-17.8088
-17.56
-17.6366
-17.4463
-17.4143
-17.3817
-17.0944
-17.0589
-16.7515
-17.0835
-17.0779
-17.1763
-17.139
-16.9402
-17.1343
-17.1429
-17.2284
-17.2877
-17.3425
-17.2117
-17.284
-17.3351
-17.2272
-17.353
-17.518
-17.5182
-17.5326
-17.5201
-17.4157
-17.3999
-17.3557
-17.1454
-16.8319
-17.3333
-17.3987
-17.4341
-17.4102
-17.6206
-17.5879
-17.913
-17.5557
-17.6386
-17.3916
-17.4725
-17.536
-17.3697
-17.3708
-17.1076
-17.6877
-17.4315
-17.8979
-17.8766
-17.9869
-17.7878
-17.7294
-17.8055
-17.5438
-17.8207
-17.7414
-17.6574
-17.8675
-17.8616
-17.8954
-17.8083
-17.6925
-17.8191
-17.752
-17.6789
-18.0524
-17.65
-17.9153
-17.8253
-17.633
-17.9445
-17.8221
-17.7809
-17.806
-17.5943
-18.1322
-18.1312
-17.8821
-18.167
-18.2068
-17.9235
-17.8198
-17.9686
-18.3969
-18.0936
-18.005
-17.8402
-18.5569
-18.1944
-18.6754
-18.2393
-18.4201
-18.3804
-18.5747
-18.8112
-18.3873
-19.0216
-18.7683
-19.1355
-18.8769
-19.2377
-19.1396
-18.9731
-19.1865
-19.2072
-18.8903
-19.0171
-19.2197
-19.0363
-18.8937
-19.2895
-19.1541
-19.7311
-19.1957
-19.564
-19.2534
-19.5979
-19.6465
-19.3505
-19.737
-19.7844
-19.8254
-19.9201
-19.9926
-19.9711
-19.8586
-19.9385
-20.1934
-19.8241
-19.8355
-19.3689
-19.6051
-19.4319
-19.5618
-19.5725
-19.8483
-19.2844
-19.8615
-19.3969
-19.1163
-19.482
-19.1394
-18.9733
-19.7109
-19.1839
-19.5186
-19.5691
-19.3282
-19.4131
-19.65
-19.551
-19.3776
-19.091
-19.4294
-19.1688
-19.7076
-19.5208
-19.5337
-19.4576
-19.5522
-19.6135
-19.2619
-19.415
-19.0865
-19.0291
-18.9006
-19.0526
-18.9402
-19.1599
-18.6799
-18.8577
-18.9055
-19.1325
-19.023
-18.7445
-19.014
-18.9065
-18.9799
-18.9988
-18.9471
-19.2132
-18.9098
-19.0138
-19.0207
-18.9058
-18.8517
-18.4076
-18.6981
-19.1869
-18.9508
-18.8187
-18.8499
-18.8363
-18.6255
-18.704
-18.6719
-18.265
-18.6945
-18.6166
-18.7468
-18.9027
-19.0882
-19.0087
-18.7883
-19.3024
-18.8105
-19.0516
-19.3599
-18.9371
-19.6383
-19.2182
-19.7986
-19.6765
-19.5727
-19.7322
-19.3659
-19.5314
-19.3303
-19.319
-20.7239
-18.139
-18.3297
-18.212
-18.1254
-17.9606
-17.244
-17.7231
-17.5318
-17.1585
-17.3513
-17.5615
-17.3685
-17.3884
-17.4495
-17.6519
-17.1429
-17.4149
-17.3836
-17.5348
-17.2993
-16.8411
-17.1592
-17.0368
-16.8359
-16.9898
-17.2336
-17.0814
-16.8246
-16.8456
-16.6518
-16.633
-16.4626
-16.6136
-16.2173
-16.3319
-16.4719
-16.2737
-16.273
-15.9573
-16.2632
-16.0506
-15.9847
-16.357
-15.8038
-15.7692
-16.0592
-15.9889
-16.0648
-16.33
-16.2314
-16.1488
-16.5016
-16.2068
-16.3823
-15.964
-16.4121
-16.0011
-16.5206
-16.4218
-16.3951
-16.7015
-16.7197
-16.6556
-17.1983
-16.8273
-16.5995
-16.619
-16.7413
-16.589
-16.7978
-16.8145
-16.6
-16.5585
-16.6239
-16.693
-16.8162
-16.4208
-16.6927
-16.543
-16.5629
-16.8954
-16.6887
-16.8946
-16.6832
-16.6991
-17.1842
-16.857
-17.1624
-17.0065
-16.944
-16.8153
-16.8086
-17.1582
-17.0539
-16.7385
-16.7057
-17.1196
-16.7622
-17.0508
-16.8494
-16.4988
-16.6376
-16.7942
-16.981
-16.6775
-16.9085
-16.8074
-16.5558
-16.9971
-16.7265
-16.5857
-16.6461
-16.6962
-16.571
-16.844
-16.9076
-16.4559
-16.7791
-16.7243
-16.8876
-16.9488
-16.8728
-16.8816
-16.9766
-17.011
-17.1198
-17.0276
-17.1707
-17.1819
-17.2648
-17.474
-17.3327
-17.1042
-16.8924
-16.9151
-17.0628
-17.3449
-17.3811
-17.3438
-16.9996
-17.3038
-17.0553
-16.7559
-17.4239
-16.9966
-17.1714
-17.0172
-17.2723
-17.2413
-17.2818
-17.1895
-17.7111
-17.3848
-17.4265
-17.1664
-17.4849
-17.4522
-17.3216
-17.1935
-17.1977
-17.5133
-17.4964
-17.6305
-17.8155
-17.8211
-17.6594
-17.7112
-17.5042
-17.5278
-17.5177
-17.7155
-17.5669
-17.5798
-17.3247
-17.1941
-17.3151
-17.055
-17.3104
-17.1424
-17.549
-17.0847
-16.9885
-17.6067
-17.4669
-17.4011
-17.2071
-17.5435
-17.244
-17.5836
-17.425
-17.3977
-17.6144
-17.3856
-17.6153
-17.4893
-17.3343
-17.4033
-17.4908
-17.3487
-17.3674
-16.9771
-16.9876
-16.9006
-17.0142
-17.1219
-17.16
-16.9128
-16.9827
-16.9087
-17.2461
-16.7459
-16.8532
-16.9554
-16.9135
-16.8728
-16.919
-16.887
-16.8521
-16.9994
-16.5338
-16.5339
-16.4922
-16.3922
-17.0335
-16.3756
-16.2234
-16.8766
-16.9228
-16.6313
-16.7492
-16.9924
-16.5056
-16.7582
-16.7035
-16.9022
-16.7398
-17.0136
-16.9679
-16.6276
-16.8892
-16.7321
-16.485
-16.7551
-16.6851
-16.6239
-16.637
-16.6837
-16.2519
-16.4914
-16.3698
-16.5803
-16.5423
-16.3665
-16.4124
-16.4207
-16.3602
-16.5009
-16.4051
-16.091
-16.4813
-16.2093
-16.2382
-16.4388
-16.0969
-15.8836
-16.3785
-16.5573
-16.1998
-16.0076
-16.0992
-16.0601
-16.1682
-16.1274
-16.1702
-16.208
-15.8108
-16.1227
-16.0914
-15.9597
-16.1096
-15.9496
-15.8978
-16.0949
-15.8035
-15.6799
-15.6175
-15.6752
-15.9444
-15.903
-16.1482
-15.8563
-15.9566
-15.6211
-15.98
-15.8746
-16.0635
-15.7684
-15.9601
-16.0738
-16.2051
-16.2009
-15.9502
-15.997
-16.1913
-16.0518
-16.042
-15.9454
-16.3687
-16.2151
-15.976
-16.2416
-16.2906
-16.3666
-16.1702
-16.0879
-16.1978
-16.0206
-16.3972
-16.415
-15.9644
-15.9049
-16.0467
-15.9276
-16.2652
-15.8898
-15.7629
-15.9505
-15.6819
-15.9551
-16.1879
-15.842
-16.0769
-16.0741
-15.8733
-15.9096
-15.6305
-16.0079
-15.4802
-15.5972
-15.5141
-15.6684
-15.6886
-15.4875
-15.5452
-15.355
-15.3413
-15.4076
-15.3446
-15.5228
-15.552
-15.4235
-15.4616
-15.4021
-15.203
-15.0081
-15.4722
-15.7237
-15.6462
-15.6146
-15.4908
-16.0244
-15.8257
-15.8593
-16.0582
-15.9317
-15.9969
-15.9432
-15.8818
-15.9482
-15.7948
-15.6465
-15.835
-15.7696
-15.5338
-15.6342
-15.6513
-15.6386
-15.8989
-15.88
-15.6586
-15.772
-15.7604
-15.6445
-15.8268
-15.9758
-15.85
-16.0545
-15.8578
-15.9382
-16.0953
-16.3565
-15.8375
-15.6323
-15.9981
-16.1296
-15.9786
-16.0375
-16.1508
-16.2472
-16.271
-16.2292
-16.1369
-16.1675
-16.2982
-16.3992
-16.1169
-16.3634
-16.5094
-16.4904
-16.5753
-16.2821
-16.4611
-16.6312
-16.5506
-16.4725
-16.155
-16.5228
-16.464
-16.5649
-16.8814
-16.5467
-17.1926
-17.274
-17.0777
-17.0629
-16.9268
-17.2947
-17.0263
-17.3103
-17.3716
-17.0765
-18.8099
-17.9481
-17.3713
-18.1015
-17.9456
-17.7274
-16.7894
-17.4065
-17.3467
-17.2082
-16.8734
-16.9169
-17.1813
-17.1642
-17.055
-16.7316
-16.7917
-16.9041
-16.7156
-16.9062
-16.8106
-16.9958
-16.9784
-17.14
-16.9131
-16.8244
-17.0571
-16.5876
-16.8297
-16.4752
-16.9836
-16.8807
-16.8315
-16.8006
-16.8212
-17.1129
-16.9357
-16.9497
-16.8777
-16.7096
-17.1392
-16.5326
-17.1188
-16.8631
-17.0029
-17.0489
-16.9372
-16.8459
-16.5704
-16.6185
-16.5905
-16.9009
-16.6839
-16.8882
-17.0393
-17.1368
-17.1574
-17.2328
-17.2448
-16.9952
-17.056
-17.0888
-16.6162
-16.9823
-16.94
-16.8461
-16.9489
-16.7936
-16.7816
-16.9478
-16.9278
-16.9687
-16.687
-16.4531
-16.6976
-16.2781
-16.5818
-16.5244
-16.4029
-16.4634
-16.1979
-16.5168
-16.6486
-15.9509
-16.4045
-16.4077
-16.456
-16.4989
-16.4983
-16.4574
-16.3407
-16.4896
-16.3817
-16.6659
-15.8757
-16.1751
-16.0198
-16.2403
-16.143
-16.5137
-16.2048
-16.2706
-16.5152
-16.3236
-16.4484
-16.0847
-16.4552
-16.0084
-16.3187
-16.5181
-16.987
-16.3136
-16.3716
-16.8158
-16.3388
-16.3676
-16.6276
-16.1715
-16.3823
-16.183
-16.591
-16.7577
-16.3198
-16.4763
-16.3756
-16.4195
-16.4367
-16.3132
-16.2296
-16.3035
-16.0847
-16.522
-16.6022
-16.41
-16.2682
-16.4515
-16.6405
-16.7368
-16.2631
-16.487
-16.2982
-16.5517
-16.3912
-16.632
-16.8513
-16.5871
-16.772
-16.7857
-16.6771
-16.6465
-16.5317
-16.5063
-16.6843
-16.4963
-16.674
-16.5344
-16.5991
-17.0452
-17.3173
-17.0449
-17.3181
-16.9586
-17.3058
-17.1073
-17.1364
-17.1384
-16.9026
-16.82
-16.831
-16.6473
-16.8511
-16.7495
-16.4214
-16.8171
-16.9079
-16.8057
-16.9022
-17.3147
-17.3016
-17.3534
-17.9106
-18.064
-18.2663
-17.8341
-17.5582
-17.3569
-16.9196
-16.6587
-16.6662
-15.9669
-16.2809
-15.8155
-15.7724
-15.7231
-15.9452
-15.6175
-15.9637
-15.3715
-15.6053
-15.6638
-15.42
-15.7121
-15.4986
-15.5409
-15.3271
-15.6141
-15.2099
-15.6273
-15.5273
-15.7445
-15.4756
-15.8415
-15.6455
-16.1335
-15.8183
-15.84
-15.9066
-15.7522
-15.6702
-15.9323
-15.7516
-16.0525
-16.2634
-16.0447
-16.4188
-16.0089
-16.2195
-16.0089
-16.3083
-16.3373
-16.2435
-15.9553
-16.187
-16.3803
-16.6957
-16.4096
-16.6565
-16.6066
-16.7824
-16.6383
-16.7842
-16.6908
-16.6399
-16.5775
-16.8957
-16.7346
-16.5212
-16.6788
-16.7437
-16.5066
-16.8808
-16.6124
-16.4534
-16.7402
-16.6363
-16.6282
-16.9318
-16.8084
-17.1229
-16.5814
-16.5545
-16.834
-16.554
-16.7404
-16.7893
-16.5744
-16.5986
-16.5471
-16.635
-16.4698
-16.986
-16.6884
-16.7048
-17.0506
-16.7599
-16.8985
-16.9314
-17.0325
-16.7438
-16.9822
-16.715
-17.1666
-16.943
-16.8256
-17.1194
-16.847
-16.9734
-16.9803
-17.1441
-17.2388
-17.1292
-17.2325
-16.7874
-17.4079
-17.1859
-17.2617
-16.8382
-16.4279
-17.0117
-16.9349
-16.8564
-16.6914
-16.4072
-16.7122
-16.7459
-16.5936
-16.8869
-16.59
-16.57
-16.5209
-16.564
-16.6749
-17.2727
-16.6141
-16.8007
-17.0591
-16.9771
-16.8342
-17.1045
-16.9544
-16.611
-16.6238
-16.836
-16.8548
-16.9793
-16.8509
-16.8186
-16.724
-16.724
-16.7843
-16.7447
-16.9157
-16.9713
-16.8581
-16.9669
-16.8018
-16.603
-16.6024
-16.4161
-16.9106
-16.5771
-16.1181
-16.2924
-16.5842
-16.2773
-16.4886
-16.5772
-16.5552
-16.5559
-16.6433
-16.4642
-16.5337
-16.1698
-16.2288
-16.4431
-16.5019
-16.3444
-16.4804
-16.2074
-16.15
-16.2102
-16.3032
-16.3265
-16.1657
-15.9457
-15.9602
-15.9732
-15.9369
-16.0077
-16.2437
-15.8932
-15.9135
-15.8567
-15.8963
-15.7151
-15.7616
-15.7567
-15.8023
-15.8289
-15.6226
-15.8003
-15.6973
-15.6209
-15.8491
-15.7618
-15.4486
-15.4435
-15.9101
-15.7743
-15.8839
-15.5513
-15.6337
-15.7061
-15.4363
-15.464
-15.6106
-15.3722
-15.3752
-14.9057
-15.5025
-15.1823
-15.6105
-15.1765
-15.1492
-15.4642
-15.1783
-15.4975
-15.4139
-15.5227
-15.5104
-15.6297
-15.693
-15.5455
-15.8338
-15.7975
-16.3438
-15.8007
-16.1887
-15.6765
-15.7967
-16.1898
-15.6051
-15.9194
-15.9004
-15.675
-15.3601
-15.7872
-15.8215
-15.7535
-16.2878
-16.0576
-15.7958
-17.1229
-15.0258
-14.6776
-14.9247
-14.8844
-14.6395
-14.4017
-14.4553
-14.4073
-14.2456
-14.4167
-14.6974
-14.393
-14.268
-14.5113
-14.2982
-14.6653
-14.9149
-14.9315
-14.9203
-14.7132
-14.8277
-14.3948
-14.9966
-14.952
-14.8314
-15.1127
-14.5331
-14.5581
-14.5859
-14.3849
-14.4114
-14.3355
-14.4158
-14.5533
-14.5955
-14.7423
-14.8483
-14.6712
-14.4771
-14.8757
-14.5371
-14.9754
-14.8455
-14.7434
-14.6203
-14.7728
-14.8156
-14.9849
-14.8176
-14.7508
-14.7082
-14.7469
-14.2495
-14.6182
-14.6767
-14.5112
-14.6742
-14.7638
-14.6384
-14.9334
-14.5826
-14.7906
-14.7141
-14.7709
-15.0034
-14.57
-14.8318
-15.0355
-15.2561
-15.2346
-15.4084
-15.5284
-15.2231
-15.5251
-15.606
-15.5255
-15.5993
-15.7846
-15.5524
-15.559
-16.1474
-15.7274
-15.7453
-15.9318
-15.8287
-16.1528
-15.9612
-15.9048
-15.7593
-16.019
-15.9199
-16.0089
-15.9424
-15.8362
-15.8431
-16.0033
-16.1671
-16.0553
-16.0734
-15.9723
-15.8993
-15.8604
-15.9158
-15.8277
-15.5965
-15.6915
-15.7283
-15.7703
-15.685
-15.6704
-15.7409
-15.9759
-15.8986
-15.746
-16.1686
-16.1787
-15.6935
-16.025
-16.0668
-15.6631
-15.9164
-16.0195
-16.3169
-16.4896
-16.4354
-16.5683
-16.2571
-16.5749
-16.4134
-16.7989
-16.4071
-16.5704
-15.9719
-16.5601
-16.3021
-16.5012
-16.3848
-16.3809
-16.1304
-16.5237
-16.1879
-16.0994
-16.4721
-16.6401
-16.3476
-16.6221
-16.5548
-16.6811
-16.577
-16.516
-16.4537
-16.4978
-16.3682
-16.476
-16.4265
-16.5931
-16.6031
-16.5468
-16.3157
-15.936
-16.1255
-16.0402
-16.0291
-16.0195
-16.0523
-15.5365
-15.7013
-15.7831
-15.7417
-15.9456
-15.9209
-15.8186
-15.841
-15.7757
-15.9718
-16.0725
-15.9806
-15.9327
-15.549
-15.6465
-15.5471
-15.2698
-15.0718
-15.2474
-15.4252
-15.5424
-15.7084
-15.8016
-15.5931
-15.6389
-15.3822
-15.4486
-14.9802
-15.3176
-15.0663
-15.1361
-15.2821
-15.0524
-15.3282
-15.0725
-15.1786
-14.9288
-15.1274
-15.1641
-14.9561
-14.6711
-14.6604
-14.7701
-14.9643
-14.7923
-14.667
-14.7533
-14.6522
-14.5905
-14.6851
-14.5823
-14.4394
-14.555
-14.5339
-14.2703
-14.5946
-14.4911
-14.4397
-14.5576
-14.4548
-14.5821
-15.0516
-14.7352
-14.6641
-14.6551
-14.5809
-14.4815
-14.6418
-14.4106
-14.4436
-14.6504
-14.6625
-14.5824
-14.2096
-14.4115
-14.2027
-14.6766
-14.5601
-14.513
-14.6434
-14.7388
-14.6465
-14.6685
-14.8236
-14.7011
-14.803
-14.5042
-14.4344
-14.6383
-14.4312
-14.9496
-14.8353
-15.1184
-15.1828
-15.1585
-15.4522
-15.2476
-15.2226
-14.9737
-15.0465
-14.7934
-15.1339
-14.8855
-15.023
-15.1851
-14.8226
-14.8582
-14.5867
-14.7042
-14.5645
-14.8897
-14.7245
-14.5681
-15.1558
-14.613
-14.5052
-14.6748
-14.665
-14.9061
-14.9307
-14.9289
-14.824
-14.8824
-14.7087
-14.5491
-14.7209
-14.4957
-14.8976
-14.5724
-14.7592
-15.0267
-14.5908
-14.6613
-14.6127
-15.045
-14.8378
-15.0348
-14.7515
-15.1337
-15.0893
-14.9615
-14.6889
-15.1147
-14.8166
-14.7833
-14.9695
-14.7953
-15.235
-14.834
-14.9701
-15.0511
-15.097
-15.0721
-15.2409
-15.4164
-15.422
-15.3862
-15.0027
-15.3096
-15.4313
-15.4254
-15.7388
-15.62
-15.6801
-15.8366
-16.0508
-16.1285
-15.6427
-15.7444
-15.6053
-15.4987
-15.734
-15.7787
-15.409
-15.6518
-15.7238
-15.6305
-15.6136
-15.5409
-15.41
-15.7034
-15.8775
-15.6402
-15.6871
-15.737
-15.8503
-15.9546
-16.1273
-16.0222
-16.2728
-16.213
-16.0843
-16.0327
-16.2969
-16.4451
-16.4384
-16.2835
-15.9851
-15.8435
-16.1117
-16.4418
-16.3771
-16.2848
-16.5252
-16.0441
-15.9033
-16.3185
-16.3232
-16.2544
-16.3917
-16.3407
-16.2706
-16.3133
-16.2421
-16.3993
-16.1108
-15.7718
-15.713
-15.9821
-15.6744
-15.693
-15.7346
-15.7942
-15.7092
-15.8774
-15.8463
-15.9068
-15.9785
-16.0304
-16.3333
-16.2748
-16.3098
-15.9766
-15.8182
-15.7969
-15.888
-15.7772
-15.7638
-15.7918
-15.8006
-15.7803
-15.6897
-15.8155
-15.3047
-15.5104
-15.6114
-15.7526
-15.6638
-15.7115
-15.3609
-15.6401
-15.73
-15.3138
-15.8212
-16.035
-15.6785
-15.6797
-15.5813
-15.4304
-15.4416
-15.1698
-15.2199
-15.1195
-15.4326
-15.2791
-15.5073
-17.1684
-18.4345
-16.0364
-16.6782
-16.5301
-16.8446
-16.8427
-16.7692
-16.5259
-16.7648
-16.6339
-16.6027
-16.3491
-16.8782
-16.7246
-16.2673
-16.4343
-16.3274
-16.5597
-16.42
-16.5427
-16.1894
-16.0691
-16.284
-16.3392
-16.6157
-16.6897
-16.4494
-16.341
-16.3711
-16.6135
-16.4269
-16.3663
-16.2054
-16.244
-16.4663
-16.3218
-16.3614
-16.3257
-16.0581
-16.1997
-16.2954
-16.3194
-16.2085
-16.3411
-16.6504
-16.2715
-16.3329
-16.1284
-16.1136
-16.0032
-16.4052
-16.7061
-15.9163
-16.3922
-16.0548
-16.3248
-16.3746
-16.2101
-16.2606
-16.3923
-16.5426
-16.522
-16.8997
-16.3497
-16.8109
-16.51
-16.8217
-17.0538
-17.0649
-16.8044
-16.429
-16.3096
-16.313
-16.3158
-16.2988
-16.3116
-16.1631
-16.1973
-16.3924
-16.402
-16.421
-16.0788
-16.1948
-16.3348
-16.2179
-16.2719
-16.2806
-16.4476
-16.1689
-16.2489
-16.4972
-16.2931
-16.2545
-16.2986
-16.3008
-16.0454
-16.3583
-16.2274
-16.2589
-16.1975
-16.2753
-16.6311
-16.6316
-16.4678
-16.4433
-16.0517
-16.1754
-16.4185
-16.171
-15.9929
-16.2923
-16.2658
-16.6465
-16.4435
-16.3462
-16.7015
-16.2679
-16.6029
-16.7643
-17.033
-16.8459
-17.0939
-17.0723
-17.0584
-16.8174
-16.6996
-16.7754
-16.7677
-16.7904
-16.9164
-17.0169
-17.1888
-16.9421
-16.9384
-17.2483
-17.1638
-16.9118
-16.9937
-17.0157
-17.0472
-17.4145
-17.3282
-17.6556
-17.4212
-17.7658
-17.4184
-17.5799
-17.3548
-17.3876
-17.0976
-17.182
-17.26
-17.2253
-17.3172
-17.3407
-17.2247
-17.599
-17.2032
-17.604
-17.1985
-17.1258
-17.1485
-17.0409
-17.0355
-16.9549
-16.9824
-16.8727
-16.5386
-16.8737
-16.6846
-16.9264
-16.6349
-16.865
-16.9805
-16.7395
-16.7825
-17.1264
-17.1069
-16.9729
-16.8755
-17.0451
-16.8189
-17.0002
-17.0694
-17.1368
-17.2801
-17.3903
-17.0335
-17.294
-17.0003
-17.0473
-17.2218
-17.1172
-17.0039
-17.18
-17.1067
-17.2354
-17.5889
-17.629
-17.4393
-17.5809
-17.2186
-17.1921
-17.4318
-17.2823
-17.1625
-17.1705
-17.3184
-17.3883
-17.6618
-17.7274
-17.8147
-17.6023
-17.5239
-17.5797
-17.6888
-17.5967
-17.2946
-16.9983
-17.0324
-16.6922
-16.9683
-17.1787
-17.3999
-17.2507
-17.282
-17.262
-17.2401
-17.1402
-17.0401
-17.2465
-17.0355
-17.1417
-16.8354
-16.6609
-16.8173
-16.7623
-16.7299
-16.3265
-16.6337
-16.6969
-16.803
-16.7068
-16.5447
-16.4165
-16.163
-16.4439
-16.2662
-16.4588
-16.3512
-16.1739
-16.6293
-16.7645
-17.2018
-17.0661
-17.2888
-16.7686
-16.8297
-16.7052
-16.6636
-16.8057
-16.5854
-16.7653
-16.3384
-16.8257
-16.6226
-16.4243
-16.5552
-16.5487
-16.3031
-16.5418
-16.7492
-16.1855
-16.5517
-16.5814
-16.6927
-16.5283
-16.8464
-16.791
-16.6821
-16.6671
-16.7164
-16.6881
-16.7801
-16.8639
-16.9857
-16.7985
-17.015
-17.0383
-16.6257
-16.6098
-16.6031
-16.5891
-16.6349
-16.4851
-16.7908
-16.3553
-16.3493
-16.4908
-16.6146
-16.3525
-16.3801
-16.1211
-16.0882
-15.9982
-15.914
-15.8975
-16.1789
-16.1001
-15.8896
-16.1878
-16.4299
-16.1754
-16.3978
-16.2228
-16.6064
-16.3945
-16.1467
-16.1617
-16.4445
-16.7276
-16.6052
-16.5097
-16.7868
-16.5135
-16.3975
-15.9845
-16.0762
-15.8
-16.1542
-16.0828
-16.0685
-16.1605
-15.8559
-15.9309
-16.0771
-16.1239
-15.9547
-16.2203
-16.1739
-15.9897
-15.6216
-15.9064
-16.072
-15.6994
-15.6048
-15.5988
-15.6742
-15.8099
-16.2023
-15.9731
-15.8711
-15.9773
-15.8301
-16.3064
-16.1109
-16.0651
-15.9882
-16.5107
-16.156
-16.2384
-16.1504
-16.1319
-15.897
-15.9062
-15.8043
-15.8161
-15.5157
-15.8587
-15.7001
-15.5657
-16.0433
-15.722
-15.9056
-15.7127
-15.8874
-15.8671
-16.0454
-16.4056
-16.1241
-16.0409
-16.2116
-16.1769
-16.0125
-16.1513
-16.2977
-16.224
-16.537
-16.4542
-16.4349
-16.5555
-16.5761
-16.6459
-16.8495
-16.5301
-16.6308
-16.696
-16.9095
-16.9218
-17.4044
-17.3109
-17.2897
-17.5901
-17.5556
-17.341
-17.3601
-17.1185
-17.1028
-16.9917
-17.2517
-17.1733
-17.3722
-17.6189
-17.7798
-17.5483
-17.646
-17.5882
-17.4683
-17.4008
-17.7587
-17.3712
-18.1824
-17.9183
-18.0662
-18.3427
-18.0667
-18.0867
-18.2708
-18.4373
-18.331
-18.4531
-20.0416
-17.3808
-17.4922
-17.1417
-17.1249
-16.8618
-16.7565
-16.7212
-16.8495
-16.9844
-16.8805
-16.4569
-16.8043
-16.6661
-16.5503
-16.2368
-16.2899
-16.1632
-15.9638
-16.0485
-16.0522
-15.9115
-16.0402
-16.0362
-15.9747
-15.7701
-16.0495
-15.7606
-15.6576
-15.8936
-15.8386
-15.839
-15.9655
-16.1227
-16.0271
-15.8418
-16.1215
-16.0538
-16.0392
-16.3134
-16.6344
-16.2685
-16.5451
-16.199
-16.4042
-16.5425
-16.5972
-16.6922
-16.512
-16.6009
-16.1378
-16.7754
-16.3775
-16.2198
-16.0305
-16.1059
-15.807
-15.9655
-16.1597
-15.7351
-15.8816
-15.9662
-15.8622
-15.7669
-15.9794
-15.832
-15.8225
-16.099
-16.1643
-16.0478
-15.9104
-15.8139
-15.9875
-15.5411
-15.9099
-16
-16.2802
-16.1192
-16.0349
-15.762
-15.8961
-15.8978
-15.7769
-15.9693
-16.2565
-16.2083
-15.9159
-15.7384
-15.7319
-15.7397
-15.765
-15.6012
-15.619
-15.7686
-15.3181
-15.3552
-15.4402
-15.5166
-14.8626
-15.2748
-15.1096
-14.9939
-15.0133
-15.1977
-15.066
-15.1977
-15.1456
-15.1841
-15.1203
-15.271
-14.8605
-15.2621
-15.0828
-15.1005
-14.8719
-15.0334
-15.1921
-15.0973
-15.031
-15.1887
-15.2862
-14.9827
-14.8189
-15.0564
-15.0499
-15.5641
-15.1209
-15.2724
-15.3894
-15.2648
-15.2706
-15.2578
-15.2992
-14.8611
-15.1241
-15.0792
-14.9042
-15.2123
-14.8253
-15.1216
-14.9441
-14.6832
-15.1274
-14.8255
-14.8202
-15.0226
-15.0199
-15.3166
-15.2543
-14.8041
-14.7382
-15.062
-14.608
-14.853
-14.6926
-14.6649
-14.8548
-14.9332
-14.9428
-15.2768
-14.8463
-14.8513
-14.9874
-15.1338
-14.9851
-14.8275
-14.8317
-15.3405
-14.9966
-15.0437
-14.8565
-15.3709
-14.8591
-15.1687
-14.908
-15.1749
-15.2483
-15.1845
-14.9793
-14.6755
-15.2882
-15.0252
-15.0905
-15.3155
-14.9221
-14.7876
-14.9725
-15.0093
-14.5375
-14.7082
-14.9188
-14.5803
-15.1223
-15.0444
-14.9897
-15.3451
-15.2066
-15.0737
-14.909
-14.9245
-14.9314
-14.749
-14.701
-15.0357
-15.1157
-15.3032
-15.1924
-15.1777
-15.4355
-15.3743
-15.5433
-15.346
-15.5825
-15.5294
-15.4497
-15.9289
-15.3722
-15.7016
-15.6026
-15.7373
-15.4152
-15.4948
-15.6099
-15.4264
-15.7288
-15.4849
-15.8252
-15.6051
-15.5614
-15.2523
-15.6051
-15.7415
-15.7478
-15.8498
-15.6955
-15.7397
-15.7592
-15.8631
-15.6878
-15.6525
-15.9046
-15.4814
-15.5883
-15.5535
-15.3903
-15.5178
-15.1534
-15.5922
-15.3894
-15.4885
-15.568
-15.7193
-15.8846
-16.2618
-15.6069
-15.8212
-16.1932
-15.9803
-16.0267
-15.9164
-16.0541
-15.6053
-15.8377
-15.8199
-15.8245
-15.6155
-15.6879
-15.8754
-15.633
-15.7898
-15.7932
-16.1559
-16.4378
-16.2034
-16.4719
-16.5533
-16.6693
-16.5798
-16.4175
-16.5491
-16.4654
-16.4762
-16.6158
-16.5706
-16.5039
-16.4837
-16.7448
-16.3773
-17.1168
-16.8372
-16.5414
-16.9459
-16.9706
-17.0936
-16.8905
-16.9836
-16.9709
-16.9245
-17.1231
-17.0066
-16.9643
-17.2213
-16.998
-17.3114
-17.4072
-17.2199
-17.3641
-17.3787
-17.1672
-17.3871
-17.4721
-17.2156
-17.154
-17.107
-16.8693
-16.9997
-16.8696
-16.2139
-16.5039
-16.3319
-16.3662
-16.3989
-16.1635
-16.4371
-16.1164
-16.0582
-16.5062
-16.1439
-16.2437
-16.0438
-16.2028
-16.2263
-16.3089
-16.0947
-16.0396
-16.0955
-16.2018
-16.2521
-16.1704
-16.2631
-16.1097
-16.1436
-15.8449
-16.1924
-16.0096
-15.5677
-15.9098
-15.5336
-16.029
-15.5436
-15.881
-15.5441
-15.6224
-15.527
-15.3259
-15.8873
-15.7186
-15.6439
-15.2249
-15.3091
-15.4968
-15.6425
-15.4849
-15.1318
-15.398
-15.26
-15.4116
-15.4185
-15.1371
-15.1593
-15.1306
-15.1276
-15.6018
-15.074
-15.0127
-15.2213
-15.35
-15.2984
-15.4652
-15.4431
-15.5695
-15.5984
-15.7548
-15.752
-15.4767
-16.037
-15.3201
-15.6221
-15.8108
-15.6155
-15.5067
-15.1705
-15.3396
-15.4972
-15.674
-15.4404
-15.4333
-15.1961
-15.1593
-15.5124
-15.248
-15.288
-15.2334
-15.1925
-15.2467
-15.2698
-15.2676
-15.3666
-15.1757
-15.4704
-15.4517
-15.8828
-15.7357
-15.691
-15.6501
-15.3883
-15.7413
-15.56
-15.6936
-15.5724
-15.7391
-15.5729
-16.0213
-15.9809
-15.9245
-15.863
-15.6347
-16.0413
-15.5893
-15.8286
-16.0497
-15.9137
-17.5865
-16.9495
-16.9884
-16.8698
-16.6001
-17.1
-16.6924
-16.8242
-16.7953
-16.6592
-16.4332
-16.5879
-16.6702
-16.7183
-16.5468
-16.4857
-16.2983
-16.4775
-16.5239
-16.7823
-16.7316
-16.7294
-16.8402
-16.6298
-16.6957
-16.6064
-16.7952
-16.563
-16.8784
-17.0693
-16.6862
-16.9733
-17.1798
-16.931
-16.6568
-16.8947
-17.0862
-17.054
-17.3535
-17.3849
-17.7523
-17.4725
-17.2688
-17.6614
-17.7511
-17.6376
-17.8578
-17.389
-17.4988
-17.9051
-17.5193
-17.8182
-18.1411
-18.0295
-17.9292
-18.0666
-18.0505
-18.0723
-18.2121
-18.1213
-18.5329
-18.1517
-18.373
-18.3304
-18.0814
-17.979
-17.929
-18.1489
-18.2208
-17.9796
-18.0679
-18.3374
-18.2507
-18.0964
-18.296
-18.5706
-18.1249
-18.0047
-18.4106
-18.3618
-18.4848
-18.4632
-18.2518
-18.558
-18.7213
-18.7475
-18.8712
-18.5947
-18.6893
-18.9191
-19.028
-18.6147
-18.848
-18.8072
-18.6768
-18.5776
-18.9072
-19.0871
-18.9909
-18.8811
-18.9915
-19.1535
-19.3297
-18.8658
-19.001
-19.0212
-19.0284
-18.8222
-19.1053
-18.9866
-18.9326
-19.186
-19.1942
-19.3284
-19.3176
-19.3468
-19.221
-19.6322
-19.2984
-19.204
-19.3035
-18.9132
-18.722
-18.8772
-18.911
-18.918
-18.3999
-18.3224
-18.4218
-18.6703
-18.4228
-18.6864
-18.6438
-18.4581
-18.7139
-18.6887
-18.5345
-18.6495
-18.4708
-18.3541
-18.5454
-18.7621
-18.5438
-18.3923
-18.3113
-18.2526
-18.3821
-18.4745
-18.5783
-18.1777
-18.19
-18.3157
-18.6824
-18.6898
-18.5499
-18.1902
-18.4624
-18.408
-18.4663
-18.2707
-18.3905
-18.2806
-18.0585
-18.3558
-18.6054
-18.41
-18.4671
-18.5366
-18.4524
-18.4234
-18.2146
-18.2291
-18.1572
-18.3194
-18.3757
-18.1826
-18.2222
-17.8017
-18.0079
-17.7457
-18.0665
-17.7035
-17.2229
-17.3601
-17.4719
-17.4937
-17.4317
-17.8924
-17.4964
-17.5199
-17.3447
-17.3911
-17.7166
-17.2823
-17.4382
-17.0321
-17.5442
-17.7571
-17.2269
-17.6166
-17.4143
-17.2507
-17.5318
-17.382
-16.9732
-17.1086
-17.0568
-17.1361
-17.2742
-17.3907
-17.5604
-17.3189
-17.468
-17.075
-17.4251
-17.2204
-16.8172
-16.9281
-16.7132
-16.9586
-16.829
-17.0179
-16.9702
-16.7548
-17.1843
-17.1433
-17.162
-17.0521
-17.205
-16.9878
-17.165
-17.2357
-17.1262
-17.115
-16.8756
-17.1766
-17.2761
-17.0987
-16.891
-16.5219
-16.7814
-17.0089
-16.9782
-17.0562
-17.1699
-16.8766
-17.1318
-17.473
-17.2478
-17.4064
-16.8175
-16.9532
-17.1681
-17.3401
-17.1013
-16.7919
-17.0599
-16.6286
-17.2304
-16.9962
-16.9509
-16.9914
-17.0133
-17.0212
-16.9981
-17.2279
-16.7669
-16.8959
-16.7392
-17.0414
-16.7997
-16.9196
-16.8175
-16.4118
-16.6237
-16.7353
-17.0203
-17.0088
-16.8976
-16.7427
-16.7765
-16.9378
-16.9115
-16.8598
-16.5983
-16.7162
-16.5887
-16.7479
-16.9272
-16.985
-16.4495
-16.9848
-16.7991
-16.8179
-16.7546
-17.0924
-17.0144
-16.839
-17.0865
-17.2464
-17.4441
-17.2532
-17.4671
-17.0392
-17.2057
-17.0961
-17.0613
-17.0172
-17.1293
-17.6294
-17.3395
-17.3063
-17.0614
-17.2035
-17.4054
-17.5648
-17.4559
-17.4272
-17.3927
-17.6424
-17.706
-17.4887
-17.5067
-17.8103
-17.7567
-17.9993
-17.9479
-17.8831
-17.7459
-17.6437
-17.6968
-17.5614
-17.865
-17.595
-17.8291
-17.7968
-17.7618
-17.7586
-17.8238
-17.4968
-17.6533
-17.6107
-17.6173
-17.6272
-17.7322
-17.6763
-17.678
-17.7527
-17.6492
-17.5152
-18.0847
-17.4439
-17.5488
-17.9009
-17.95
-17.6989
-18.0084
-17.9774
-17.7183
-17.9179
-17.8401
-17.8616
-17.7806
-17.6868
-18.2551
-18.0468
-18.0264
-17.9051
-18.4724
-18.2226
-18.1419
-18.3085
-18.333
-18.3657
-18.2717
-18.0764
-18.4957
-18.5941
-18.4586
-18.297
-18.7747
-18.775
-18.744
-18.8822
-18.4951
-18.4296
-18.4447
-18.6398
-18.9945
-18.6562
-18.6965
-18.6894
-18.7002
-18.7153
-18.6166
-18.8687
-18.565
-18.586
-18.8996
-18.7753
-18.534
-18.8634
-19.1045
-18.9088
-19.1224
-18.8087
-18.7842
-18.7163
-18.6841
-18.4743
-18.8473
-18.8357
-18.7339
-18.8921
-18.9222
-18.7732
-18.7245
-18.9435
-18.6724
-18.4395
-18.9781
-18.6819
-19.2332
-18.8609
-19.0061
-18.8949
-18.9984
-18.9368
-18.8073
-18.7797
-18.4317
-18.531
-20.2175
-16.1784
-16.017
-15.949
-16.1769
-15.8577
-15.4001
-15.4469
-15.4715
-15.232
-15.5005
-15.7517
-15.4857
-15.3798
-15.3729
-15.3128
-15.1101
-15.3745
-15.081
-15.1279
-15.1389
-15.126
-15.0276
-15.4514
-15.3026
-15.2515
-15.355
-15.6572
-15.4438
-15.3718
-15.3175
-15.2309
-15.1392
-15.3812
-15.4984
-15.2724
-15.2868
-15.2335
-15.2085
-15.0046
-15.2938
-14.8999
-14.975
-15.022
-15.2541
-15.0943
-15.3225
-15.1226
-15.2921
-15.2189
-15.0857
-15.0822
-15.0534
-14.8787
-14.9887
-14.899
-15.3544
-15.2135
-15.2347
-15.2091
-15.1184
-15.1847
-14.7791
-14.6699
-14.9512
-14.9176
-14.4046
-14.755
-14.8122
-14.6019
-14.7053
-15.0032
-14.8893
-14.7764
-14.3911
-14.4234
-14.2799
-14.251
-14.6829
-14.3279
-14.2721
-14.6076
-14.2482
-14.3839
-14.9398
-14.5201
-14.4887
-14.6126
-14.7976
-14.5832
-14.9701
-14.9612
-14.8488
-14.9716
-15.0768
-14.8591
-14.7715
-14.9776
-14.6937
-14.6158
-14.6041
-14.459
-14.818
-14.3033
-14.3387
-14.5016
-14.4902
-14.341
-13.883
-14.2192
-13.9809
-14.0498
-14.4375
-14.3111
-14.3641
-14.2741
-14.4595
-14.2189
-14.7501
-14.3098
-14.4767
-14.3691
-14.3867
-14.7971
-14.7404
-14.5996
-14.7398
-14.6747
-14.5758
-14.1953
-14.4967
-14.251
-14.3174
-14.1524
-14.1342
-14.2953
-14.4355
-14.3375
-14.4419
-14.7183
-14.4402
-14.5734
-14.4226
-14.357
-14.3282
-14.444
-14.4799
-14.3246
-14.4627
-14.2935
-14.4022
-14.5871
-14.5218
-14.3643
-14.4514
-14.4763
-14.7464
-14.391
-14.7414
-14.3645
-14.8128
-14.7921
-14.681
-14.8439
-14.884
-14.853
-14.6975
-14.789
-14.9085
-15.1789
-15.1461
-15.0481
-15.2658
-15.3159
-14.9523
-14.9922
-15.239
-14.5917
-14.8826
-15.219
-15.6153
-15.5102
-14.6792
-15.2
-15.0405
-14.8323
-14.7694
-14.9823
-14.3547
-14.8487
-14.9595
-14.8509
-15.3389
-15.0722
-15.1997
-15.1665
-15.3513
-15.3057
-15.4329
-15.1501
-15.3103
-15.0549
-15.3965
-15.5432
-15.3892
-15.5418
-15.6545
-15.6106
-15.7206
-15.5816
-15.7064
-15.4951
-15.825
-15.6901
-15.7274
-15.9232
-15.2881
-15.5201
-15.4612
-15.6334
-15.6401
-15.3723
-15.7416
-15.6555
-16.2781
-15.4591
-15.716
-15.5451
-15.6009
-15.9202
-15.7696
-15.6043
-15.3907
-15.7617
-15.5452
-15.5926
-15.7516
-15.5801
-15.5911
-15.4329
-15.4471
-15.5582
-15.0936
-15.2153
-14.9483
-15.2668
-15.0874
-15.3166
-15.2365
-15.602
-15.3626
-15.5695
-15.6711
-15.3987
-15.1698
-14.8851
-14.892
-14.8543
-15.0845
-14.6921
-14.9063
-14.8033
-14.512
-14.5554
-14.3872
-14.4462
-14.2912
-14.3906
-14.6826
-14.3779
-15.0396
-14.7987
-14.9581
-14.8283
-15.0797
-14.8485
-14.7937
-14.6159
-14.4689
-14.6581
-14.6583
-14.7782
-14.6491
-14.9843
-14.3671
-14.9344
-14.6889
-14.6348
-14.7328
-14.5861
-14.7036
-14.7318
-14.7386
-14.8595
-14.7733
-14.8369
-14.7179
-14.4105
-14.5665
-14.5981
-14.6008
-14.7023
-15.1324
-14.9701
-15.0839
-15.1048
-14.7717
-14.7712
-14.9794
-14.7919
-14.8178
-14.7252
-14.7269
-14.4786
-14.8023
-14.8772
-14.8315
-14.4478
-14.7517
-14.7321
-14.7604
-14.6783
-14.5983
-14.4635
-14.9373
-14.6056
-14.5649
-14.9498
-14.7928
-14.761
-14.8572
-14.9537
-14.7848
-14.6192
-14.5985
-14.4568
-14.4009
-15.1148
-14.2457
-14.5968
-14.5783
-14.6891
-14.8963
-14.5803
-14.4318
-14.2791
-14.2918
-14.4641
-14.6887
-14.9652
-14.8389
-14.7153
-14.7244
-14.7241
-14.8184
-14.4471
-14.8639
-14.7151
-14.6407
-14.8313
-14.8174
-14.9183
-15.1612
-14.9421
-14.6346
-14.7211
-14.7609
-14.4183
-14.3657
-14.3819
-14.4996
-14.3299
-14.5584
-14.2718
-14.211
-14.2006
-14.1453
-14.1844
-14.366
-14.3719
-14.2495
-14.3213
-14.4176
-14.2854
-14.4317
-14.6003
-14.3796
-14.2423
-14.5444
-14.2474
-14.2485
-14.3115
-14.3103
-14.5884
-14.409
-14.4067
-14.4806
-14.375
-14.3135
-14.7666
-14.487
-14.5292
-14.265
-14.5067
-14.4175
-14.2434
-14.6167
-14.3957
-14.5734
-14.4193
-14.6411
-14.5091
-14.5518
-14.7395
-14.3734
-14.5673
-14.6569
-14.6926
-14.755
-14.6432
-14.7428
-14.6971
-14.9001
-14.9962
-14.9646
-15.236
-15.4782
-15.4907
-15.5635
-15.6117
-15.4917
-15.3773
-16.9754
-15.0963
-14.6379
-14.8151
-14.7006
-14.7876
-14.7779
-14.9903
-14.8717
-14.5066
-14.8752
-14.629
-14.8665
-14.4924
-14.6141
-14.5327
-14.603
-14.6382
-14.5314
-15.0845
-15.0934
-15.0736
-14.6769
-15.0369
-14.6616
-14.8564
-14.5257
-14.2904
-14.5012
-14.2764
-14.6606
-14.5725
-14.8134
-14.7506
-14.6012
-14.726
-14.7585
-14.6765
-14.7778
-14.681
-15.0703
-14.8813
-15.053
-14.4797
-15.35
-15.1286
-15.0743
-14.9444
-14.8684
-15.0696
-15.16
-15.2511
-15.1074
-14.6194
-15.1694
-14.7416
-15.076
-15.0452
-14.9822
-14.8321
-14.7816
-15.1776
-15.0007
-14.9253
-14.9756
-15.3088
-15.0932
-15.29
-15.1349
-14.9975
-15.0873
-15.0296
-15.2585
-15.1549
-14.9694
-15.1034
-14.873
-15.0603
-14.988
-14.7898
-14.5691
-14.5
-14.4653
-14.5067
-14.5616
-14.7458
-14.4299
-14.4365
-14.3907
-14.5229
-14.2886
-14.2654
-13.9674
-14.0961
-14.0568
-14.286
-14.1003
-14.2771
-13.8406
-14.1416
-14.1578
-14.0661
-14.0704
-13.9389
-13.9626
-14.1255
-14.18
-14.0704
-14.2898
-14.1114
-14.3502
-14.2599
-13.9061
-14.0987
-14.0225
-13.8932
-14.02
-14.0346
-14.3165
-14.0105
-14.1443
-14.2237
-14.0891
-14.1652
-14.1028
-14.2361
-13.7655
-14.0543
-13.834
-13.9901
-14.1127
-13.9643
-13.8995
-13.8658
-14.0855
-14.0866
-13.6213
-13.74
-13.7893
-13.6372
-13.8949
-13.8625
-13.7874
-13.714
-13.7926
-13.8746
-13.979
-13.8157
-13.7944
-13.8294
-13.5702
-13.8778
-13.9993
-13.7282
-13.9091
-13.709
-13.9316
-13.7325
-13.9721
-13.6953
-13.7558
-13.6283
-13.629
-13.6425
-13.8114
-13.7497
-13.7983
-13.7414
-13.9406
-13.9666
-13.7195
-13.8167
-13.6314
-13.9292
-13.7586
-13.764
-13.7404
-13.5237
-13.4898
-13.6767
-13.9749
-13.4357
-13.5897
-13.8745
-13.7258
-13.9722
-13.7309
-13.7281
-13.6524
-13.4005
-13.7012
-13.4269
-13.5176
-13.2137
-13.362
-13.1002
-13.54
-13.3623
-13.2988
-13.3252
-13.4464
-13.7563
-13.517
-13.8798
-13.7424
-13.9929
-14.0464
-14.1614
-14.211
-14.2469
-13.8944
-14.1814
-13.9494
-14.3153
-14.0634
-14.0134
-14.3471
-14.1029
-14.0163
-14.3032
-14.1495
-14.2706
-14.3315
-13.9482
-14.0442
-14.1092
-14.1541
-14.0555
-14.3915
-14.2556
-14.227
-14.0927
-14.3368
-13.9362
-14.1821
-14.1059
-14.0761
-14.099
-14.2913
-13.947
-13.9952
-14.3317
-14.4906
-14.2449
-14.3677
-14.6327
-14.5312
-14.7639
-14.7139
-14.5915
-14.8184
-14.5321
-14.3853
-14.5958
-14.4258
-14.501
-14.6013
-14.5444
-14.5115
-14.4395
-14.4424
-14.473
-14.3161
-14.6278
-14.7781
-14.6703
-14.6716
-14.5022
-14.7922
-14.5279
-14.6235
-14.1363
-14.5837
-14.381
-14.2272
-14.8081
-14.8955
-14.7472
-14.473
-14.8547
-14.6758
-14.7008
-14.6863
-14.8464
-14.9199
-15.082
-14.9524
-14.8069
-15.0225
-14.9233
-14.9443
-15.0369
-14.9653
-14.8228
-14.7997
-14.8869
-15.1157
-14.8228
-15.2131
-15.074
-15.0078
-15.1665
-15.1507
-15.4916
-15.2902
-15.5379
-15.4672
-15.662
-15.4831
-15.3501
-15.1649
-15.0942
-15.4846
-14.9972
-15.4614
-15.0218
-15.3791
-15.0327
-15.5012
-15.4693
-15.5603
-15.543
-15.5498
-15.7046
-15.9189
-16.2621
-16.0793
-15.8045
-15.7743
-15.5062
-15.768
-16.0493
-15.6696
-15.5899
-15.4127
-15.2628
-15.254
-15.7548
-15.2207
-15.5786
-15.5243
-15.3863
-15.3019
-15.2857
-15.0661
-14.999
-14.8921
-14.7841
-14.6201
-14.8701
-14.6208
-14.7611
-14.4024
-14.754
-14.6492
-14.6905
-14.4453
-14.3968
-14.3005
-14.5175
-14.7342
-14.4328
-14.3016
-14.1248
-14.1984
-14.0294
-13.962
-14.1972
-13.9875
-14.5709
-14.1358
-14.2607
-14.0536
-13.9188
-13.964
-13.9281
-14.1032
-13.8506
-14.0296
-14.2382
-14.0294
-14.1602
-14.0285
-14.1501
-14.0623
-13.739
-14.0131
-14.2174
-13.916
-14.2325
-14.1932
-14.2315
-14.2174
-14.1307
-14.1123
-14.1738
-14.1072
-14.2484
-14.2058
-14.3598
-14.3572
-14.6706
-14.0245
-14.1302
-14.2832
-13.711
-14.08
-13.7696
-14.1618
-13.7754
-14.1236
-13.893
-13.8171
-14.0512
-13.6865
-14.3019
-14.0786
-14.19
-13.6851
-14.0626
-14.3925
-14.2649
-14.4563
-14.3496
-14.3929
-14.2366
-14.7307
-14.2927
-14.2789
-14.5785
-14.5934
-14.6103
-15.9756
-13.6041
-13.3612
-13.513
-13.7033
-13.4762
-13.2125
-13.2926
-13.2472
-13.3712
-13.2851
-13.2924
-13.0738
-13.0934
-13.2257
-12.9688
-13.1881
-13.0442
-13.1241
-13.4484
-12.8983
-13.0716
-13.3065
-13.3245
-13.1338
-12.6466
-12.8792
-12.7207
-12.8261
-12.7334
-12.633
-12.6871
-12.5669
-12.7382
-12.7078
-12.7817
-12.7293
-12.782
-12.7193
-12.6497
-12.5007
-12.2376
-12.7584
-12.6685
-12.6871
-12.6152
-12.8229
-12.4742
-12.9558
-12.8398
-12.7703
-12.5897
-12.7027
-12.719
-12.6527
-12.7621
-12.8121
-12.8158
-12.8785
-12.416
-12.8738
-12.5956
-12.6608
-12.4714
-12.3434
-12.737
-12.5889
-12.5675
-12.8093
-12.9438
-12.6175
-12.8994
-12.9296
-12.528
-12.6138
-12.7313
-12.458
-13.0069
-13.0986
-12.9739
-12.8651
-12.9853
-12.9981
-13.1078
-13.3616
-13.3435
-13.4957
-13.3654
-13.5818
-13.3584
-13.3725
-13.5815
-13.1818
-13.21
-13.2047
-13.5159
-13.5068
-13.3983
-13.2462
-13.1313
-13.4836
-13.3821
-13.461
-13.5063
-13.5524
-13.2647
-13.3175
-13.5169
-13.2434
-13.4716
-13.3865
-13.3193
-13.6503
-13.5826
-13.1984
-13.5887
-13.5002
-13.3801
-13.6035
-13.3127
-13.4474
-13.5801
-13.8081
-13.7264
-13.7426
-13.9589
-13.5904
-13.563
-13.6218
-13.4534
-13.5987
-13.49
-13.4824
-13.1525
-13.3419
-13.6201
-13.7523
-13.7102
-13.7328
-13.776
-13.976
-13.8278
-13.6848
-14.035
-14.1802
-14.0337
-14.0643
-13.9263
-14.2341
-13.9119
-13.9282
-14.1414
-13.9154
-13.9858
-13.9114
-13.8291
-13.8709
-13.9809
-13.9103
-14.051
-13.917
-13.8148
-13.9505
-13.9833
-13.8315
-13.7866
-13.6493
-13.5274
-13.7615
-13.5925
-13.8294
-13.7506
-13.7885
-13.8297
-13.8192
-13.7785
-13.4644
-13.5922
-13.6522
-13.4966
-13.8754
-13.5774
-13.5321
-13.4774
-13.7666
-13.7621
-13.3863
-13.463
-13.7355
-13.4176
-13.5856
-13.4167
-13.6686
-13.5558
-13.4936
-13.3567
-13.4534
-13.2774
-13.0101
-13.375
-13.1074
-12.949
-13.0507
-13.1733
-13.3302
-13.2147
-13.4576
-13.4085
-13.4882
-13.5724
-13.4563
-13.4638
-13.4749
-13.7208
-13.3828
-13.3876
-13.5291
-13.4634
-13.4268
-13.2107
-12.8923
-13.2521
-13.119
-13.2454
-13.3172
-13.4306
-13.464
-13.8638
-13.4574
-13.758
-13.4565
-13.2976
-13.2654
-13.4949
-12.8811
-13.0962
-12.9437
-13.0013
-13.2046
-12.969
-13.0554
-13.1453
-13.1721
-13.275
-13.0044
-13.2167
-13.0774
-13.0213
-13.1228
-13.1579
-13.3108
-13.2456
-13.0992
-12.8798
-12.8383
-12.7821
-13.1175
-13.0857
-13.0216
-12.9489
-13.3212
-13.0917
-12.67
-12.8707
-12.7124
-12.8031
-12.6646
-12.4629
-12.7295
-13.0438
-12.894
-12.7018
-12.8622
-13.0689
-12.8571
-12.803
-12.7842
-13.117
-12.5473
-13.2321
-12.6509
-12.7768
-12.8696
-12.755
-12.7448
-13.0551
-12.7562
-12.7155
-12.7005
-12.9223
-12.6272
-12.7317
-12.8144
-12.9787
-12.874
-12.7514
-13.2296
-12.9614
-12.8896
-12.961
-12.9311
-13.254
-13.1416
-13.0337
-13.3599
-13.1384
-13.1432
-13.1745
-13.2457
-13.1435
-13.0449
-13.0332
-13.045
-13.3043
-13.4804
-13.2468
-13.4004
-13.3199
-13.3452
-13.1831
-13.3541
-13.1755
-12.9272
-12.9849
-13.0109
-13.0665
-13.0419
-13.0688
-13.0452
-13.1346
-13.2299
-13.1825
-13.275
-13.0146
-13.0164
-12.933
-13.461
-13.2392
-13.4155
-13.2126
-13.2219
-13.2864
-13.2992
-13.222
-12.9694
-13.0032
-12.989
-12.9691
-13.123
-13.1362
-13.4096
-13.324
-13.085
-13.6139
-13.3395
-13.5002
-13.5043
-13.3724
-13.3753
-13.8322
-13.6332
-13.3961
-13.4544
-13.5024
-13.3522
-13.6992
-13.8861
-13.8581
-14.0155
-14.2646
-14.3009
-14.3874
-14.5381
-14.4548
-14.2959
-14.4249
-14.4564
-14.5028
-14.7272
-14.5356
-14.5626
-14.8395
-14.72
-14.3011
-14.7879
-14.5735
-14.3155
-14.4547
-14.1502
-13.8915
-14.1173
-14.1329
-14.1837
-14.1927
-14.2584
-14.2573
-14.165
-14.579
-14.3014
-14.1829
-13.9421
-14.2981
-13.8544
-13.9918
-13.9743
-13.8834
-13.8035
-13.8486
-13.7028
-13.5442
-13.7106
-13.7269
-13.717
-13.9783
-13.7804
-13.751
-14.2334
-13.9601
-13.739
-13.8036
-14.1707
-13.911
-13.6988
-13.7923
-13.5582
-13.6589
-13.7629
-13.8771
-13.944
-13.9176
-14.0013
-14.2117
-15.3606
-18.7538
-14.791
-15.0872
-15.6192
-15.3107
-16.0192
-15.6601
-15.8147
-15.7949
-15.7858
-15.5448
-15.5065
-15.9876
-15.5965
-15.2916
-15.7537
-15.8971
-15.4536
-15.4045
-15.6758
-15.4136
-15.6769
-15.6686
-15.4832
-15.5577
-15.5947
-15.4538
-15.8625
-15.7472
-16.056
-16.097
-15.8454
-15.9914
-16.013
-15.7279
-15.9369
-15.9528
-16.5838
-15.8038
-16.0486
-15.9589
-15.9747
-16.0071
-15.908
-15.9288
-15.715
-16.0868
-15.5696
-16.0852
-15.6898
-15.9959
-16.375
-15.3375
-16.0758
-15.9174
-15.9763
-16.0558
-15.759
-16.0272
-16.0348
-15.867
-15.8496
-16.2708
-15.5963
-16.505
-15.842
-16.54
-16.4989
-15.829
-16.3728
-16.2459
-16.5227
-15.9214
-16.2111
-15.8202
-16.0697
-15.927
-15.6314
-15.6333
-15.7336
-16
-15.6395
-15.756
-16.0529
-15.926
-15.7482
-15.7021
-15.6731
-15.397
-15.4573
-15.3751
-15.4387
-14.8811
-15.4276
-16.0472
-15.3733
-15.9371
-15.4031
-15.1096
-15.7473
-16.1033
-15.403
-15.4597
-15.1485
-15.6022
-15.2058
-15.3525
-15.6279
-15.2509
-15.2181
-15.8641
-15.0601
-15.7162
-15.28
-15.3624
-15.698
-15.6317
-15.6513
-15.4909
-16.3034
-15.8531
-15.833
-15.7634
-15.6664
-15.4045
-15.4085
-15.2603
-14.865
-14.978
-15.311
-15.4239
-15.6299
-15.8789
-15.1972
-15.034
-15.1949
-15.0409
-15.0976
-15.2065
-15.0848
-15.0606
-15.4475
-14.9379
-14.9297
-15.4908
-15.2158
-15.4753
-14.6916
-15.1456
-15.0366
-15.4239
-15.4086
-15.3668
-15.7431
-15.4183
-15.6939
-16.3568
-15.1372
-15.446
-15.5534
-15.2397
-15.901
-15.7534
-15.7154
-15.8124
-16.2681
-15.8493
-15.8569
-16.1066
-15.9941
-16.4767
-15.7907
-16.6283
-16.8348
-16.535
-16.7447
-16.9083
-16.8815
-16.9845
-16.712
-16.8056
-16.2161
-16.3444
-16.3036
-16.4971
-16.5941
-16.2465
-16.3851
-16.7142
-16.3277
-16.5175
-16.3451
-16.1467
-16.0665
-16.4649
-16.4034
-16.3316
-16.3037
-16.5274
-17.0689
-16.6968
-16.3195
-16.2748
-16.3565
-16.9383
-16.848
-16.5684
-16.8237
-16.796
-16.8772
-16.5207
-16.6856
-16.6751
-16.5006
-16.6324
-17.0549
-16.4893
-16.8795
-16.4659
-16.6659
-16.5738
-16.8403
-16.8362
-16.5921
-16.8836
-16.0494
-16.5453
-16.8971
-16.9405
-16.8362
-17.0927
-16.8018
-17.2404
-16.7579
-16.8786
-16.8978
-16.359
-16.9342
-16.2878
-16.7405
-16.5832
-16.7447
-16.5901
-16.8036
-16.7216
-16.5151
-16.8086
-16.4931
-16.6195
-16.5813
-16.2036
-16.8311
-16.4299
-16.5925
-16.2838
-16.6728
-16.5525
-16.3106
-16.3035
-16.3995
-16.5009
-16.5032
-16.9472
-16.2903
-16.5629
-16.2914
-16.0871
-16.4299
-16.828
-15.8043
-16.389
-16.6156
-16.3541
-17.0198
-16.69
-16.6746
-16.0757
-16.549
-16.7186
-16.2461
-16.3731
-16.4061
-16.4359
-16.3873
-16.6285
-16.5698
-16.7833
-16.9541
-16.4655
-16.8262
-16.62
-16.716
-16.4639
-16.4308
-16.4826
-16.5993
-16.0162
-16.3954
-16.2188
-16.4206
-16.1001
-16.5126
-16.0502
-15.6728
-15.9008
-16.2
-15.894
-16.1541
-16.5134
-15.6915
-15.6131
-15.7466
-15.3327
-15.7701
-15.3175
-15.3459
-15.5737
-15.0187
-14.9049
-15.2512
-15.3202
-15.7287
-14.961
-15.799
-15.5138
-15.7953
-15.2662
-15.4183
-15.4135
-15.5594
-15.5952
-15.3938
-15.3493
-15.0565
-14.879
-15.1608
-15.2499
-14.4896
-14.9925
-14.8304
-14.9509
-14.6649
-14.8474
-14.9443
-14.7806
-14.7591
-14.5977
-14.7994
-14.2999
-14.8592
-14.4067
-14.4692
-15.174
-14.2548
-14.6975
-14.5402
-14.5979
-14.5316
-14.9757
-14.4698
-14.7666
-14.9705
-15.0697
-14.9198
-15.2112
-14.9185
-15.2227
-15.1662
-15.3961
-15.4775
-14.745
-15.1654
-14.7181
-15.4361
-14.7093
-14.9278
-15.0167
-15.2863
-15.6245
-15.0749
-14.963
-15.0782
-14.9967
-14.7576
-14.8004
-14.5719
-14.8396
-14.9537
-14.4721
-14.1896
-14.5803
-14.8423
-14.5347
-14.6801
-14.1962
-14.4629
-14.7441
-14.8857
-14.8765
-14.7998
-14.7434
-14.5006
-14.7807
-15.2791
-14.9225
-15.1159
-14.8399
-15.0355
-15.0788
-15.2357
-15.1452
-14.9858
-15.3504
-15.0262
-15.0653
-14.7903
-15.0284
-14.6967
-15.2217
-15.4637
-14.9292
-15.4285
-15.2668
-15.1133
-16.0306
-15.3717
-15.2122
-15.3649
-15.8511
-15.4541
-15.5779
-16.9924
-14.7885
-15.2989
-15.3513
-15.2559
-15.5015
-15.0199
-14.7837
-14.9963
-15.2184
-15.2124
-14.9269
-15.1438
-15.3666
-15.4055
-15.6867
-15.5735
-15.6354
-15.4842
-15.3059
-15.4922
-14.9176
-15.5586
-14.9976
-15.5815
-15.1673
-15.6182
-15.4233
-15.2636
-15.6652
-15.9514
-16.0098
-15.9587
-15.8468
-15.9517
-15.3822
-15.9423
-15.8675
-15.676
-15.547
-15.7563
-15.1156
-15.5703
-15.3857
-15.7401
-15.8391
-15.5282
-15.6821
-15.5782
-15.7484
-15.3822
-15.9851
-15.6471
-15.7553
-15.4431
-15.896
-15.6504
-15.6134
-15.8116
-15.5427
-15.5307
-15.7238
-15.3237
-15.0465
-15.4637
-15.2011
-15.0493
-15.9091
-15.4216
-15.7462
-15.3041
-15.5238
-15.8417
-14.9455
-15.348
-15.3926
-16.0571
-15.6398
-15.8081
-15.7404
-15.4736
-15.7098
-15.3942
-15.4842
-16.1669
-15.6835
-15.3526
-15.4525
-15.8524
-15.8887
-15.8462
-15.7178
-15.5432
-15.8607
-15.4492
-15.5065
-15.8239
-16.2015
-15.5179
-16.0102
-16.2601
-15.894
-15.7231
-15.9607
-15.9417
-16.2103
-16.3551
-16.3196
-16.5176
-16.358
-16.1605
-16.3854
-16.1837
-16.0847
-16.3871
-15.8484
-16.1987
-16.0174
-15.9897
-15.699
-15.5099
-15.5762
-15.1547
-15.5692
-16.0265
-16.2254
-15.698
-15.6265
-15.862
-15.7821
-15.7163
-15.3564
-15.9304
-15.2415
-15.3301
-15.4828
-14.9491
-15.7589
-14.8842
-15.5127
-15.053
-14.9197
-15.51
-14.7175
-14.7441
-14.9934
-14.6385
-15.3242
-14.9581
-14.7638
-14.8293
-15.0038
-14.5494
-14.6273
-14.7841
-14.8231
-14.5799
-14.7095
-14.2069
-15.0274
-14.3027
-14.2474
-14.3638
-14.3956
-14.3668
-14.2154
-14.4908
-15.1624
-14.3292
-14.5902
-14.1558
-14.6709
-14.4702
-14.5616
-14.2444
-14.1375
-14.1734
-14.0805
-14.7674
-14.0004
-14.4704
-14.0063
-14.138
-14.9174
-14.2238
-14.0772
-14.3052
-14.4628
-13.9105
-13.9689
-13.9652
-13.7077
-14.2357
-14.3284
-14.3129
-15.1531
-14.1212
-14.1295
-14.0874
-14.3042
-14.3472
-14.1008
-13.9565
-14.146
-13.9678
-13.8215
-14.0173
-14.0523
-14.1901
-14.0957
-14.1437
-14.0908
-14.4013
-14.6643
-14.3811
-14.3426
-14.2355
-14.0478
-14.0797
-14.0281
-14.004
-13.7997
-14.2727
-13.5559
-14.5311
-14.3694
-14.6679
-14.4415
-14.7381
-14.5225
-14.3565
-14.777
-14.9011
-14.5811
-14.7454
-14.9129
-14.7518
-14.7447
-14.2286
-14.4482
-14.7723
-14.3999
-14.436
-14.2985
-14.244
-14.6802
-14.1665
-14.7402
-14.231
-13.9757
-14.2382
-14.1683
-14.4479
-14.2366
-13.8322
-14.3923
-14.1463
-14.6444
-14.6026
-14.4703
-14.7782
-14.1138
-14.5736
-14.6524
-14.6999
-13.9639
-14.707
-14.6466
-14.8232
-15.0508
-15.0092
-14.798
-15.0446
-14.5321
-14.8956
-15.1115
-14.7687
-14.8645
-14.8797
-14.9838
-14.8874
-14.5379
-14.7817
-14.9065
-14.955
-14.7883
-15.2103
-14.9604
-15.3462
-15.1877
-15.2824
-15.6667
-15.6655
-15.4478
-14.9158
-15.2267
-15.4122
-15.6223
-14.9884
-15.1028
-15.0065
-15.4913
-14.7689
-14.9329
-15.2132
-15.2408
-15.597
-15.3583
-15.3302
-15.4073
-15.479
-15.5379
-15.127
-15.0743
-15.4359
-15.3358
-15.4322
-15.2734
-15.8744
-16.1033
-15.8391
-16.066
-15.9878
-16.2148
-16.0166
-16.1948
-16.6226
-16.2125
-16.2829
-16.2243
-16.4486
-16.1944
-16.4498
-16.1789
-16.1048
-15.7301
-16.2361
-16.0385
-15.8483
-15.9178
-16.2828
-16.0644
-15.7991
-16.2021
-16.1568
-15.7324
-15.9023
-15.696
-16.7039
-15.806
-16.157
-15.8787
-16.3321
-15.9746
-15.7764
-16.2679
-16.0887
-16.1983
-16.0192
-15.8657
-16.0525
-15.9529
-16.1942
-15.7839
-16.11
-15.969
-16.2909
-16.2672
-16.4661
-16.0018
-16.2079
-16.1679
-16.0207
-15.6573
-15.7128
-15.8808
-15.0104
-15.1759
-15.3353
-15.264
-15.1863
-15.3409
-15.1696
-14.8518
-14.6017
-15.0653
-14.1479
-14.6138
-14.7344
-14.5874
-14.3057
-14.1904
-14.7607
-14.7558
-14.5999
-14.1579
-14.268
-14.684
-14.1609
-14.2423
-14.3357
-14.2671
-14.1601
-14.1594
-14.0093
-13.9219
-13.9484
-13.9861
-13.9362
-14.2434
-14.0252
-13.9695
-14.0053
-13.9617
-13.8358
-13.7694
-14.1114
-13.6303
-13.9506
-13.8888
-14.336
-14.3665
-14.6749
-14.5445
-14.6302
-14.5802
-14.2913
-14.6428
-14.2154
-14.1173
-14.7461
-14.3999
-15.801
-14.6474
-14.4578
-14.6723
-14.334
-15.2014
-14.2555
-14.5139
-14.381
-14.359
-14.5985
-14.2934
-14.3881
-14.6951
-14.4499
-14.9739
-14.6798
-14.5012
-15.1339
-15.0476
-15.225
-14.9279
-15.1031
-14.5425
-14.7699
-15.087
-15.1904
-14.7373
-14.7176
-14.9778
-14.6558
-14.6625
-14.719
-14.5894
-14.2116
-14.523
-15.0308
-14.5122
-14.0986
-14.1084
-13.9047
-13.6842
-13.9522
-14.1632
-14.2587
-13.9869
-14.2654
-13.8771
-13.9267
-14.4136
-13.6749
-14.0986
-13.9886
-14.132
-14.255
-14.0377
-14.2755
-13.5484
-14.0831
-14.2125
-14.2164
-14.0997
-14.019
-13.9454
-14.2011
-13.9527
-13.905
-14.5428
-14.2263
-14.0321
-13.911
-14.5669
-14.1927
-14.1855
-14.0639
-14.447
-14.181
-14.4318
-14.3478
-14.298
-14.4686
-14.8015
-14.568
-14.5835
-14.4415
-14.4642
-14.5892
-14.499
-14.6414
-15.1143
-14.8749
-14.7485
-14.6995
-14.5274
-14.9462
-15.0172
-14.7802
-15.0412
-14.4942
-14.9277
-14.7909
-14.6597
-14.6269
-14.9657
-14.8117
-14.7208
-15.2654
-14.9577
-15.2817
-15.5767
-15.5844
-15.4299
-15.7433
-15.7674
-15.5135
-15.6329
-15.4889
-15.7681
-15.5259
-15.466
-15.8734
-15.493
-15.6255
-16.1933
-15.7726
-16.2507
-15.9825
-15.9855
-16.3731
-16.3633
-15.9189
-15.7521
-15.9537
-15.7909
-16.1418
-16.2528
-16.3108
-16.8061
-16.5624
-16.7721
-16.6664
-16.7679
-16.4571
-16.3495
-16.5717
-16.6593
-16.0135
-16.1449
-16.9606
-16.2868
-16.5728
-16.5574
-16.54
-16.5211
-16.3852
-16.7901
-16.3318
-16.5241
-16.2522
-16.5427
-16.49
-17.1354
-16.7424
-16.4968
-16.6924
-16.5375
-16.6241
-17.1557
-15.9564
-16.4305
-16.4924
-16.1936
-16.0818
-16.3042
-16.4684
-16.0022
-16.6769
-16.2077
-16.3415
-16.1788
-16.8956
-16.5068
-16.1152
-16.73
-16.7892
-16.699
-16.4051
-16.76
-16.2353
-16.9407
-16.4575
-16.6198
-16.9839
-16.6164
-16.6925
-16.2738
-16.7197
-16.8908
-16.23
-16.77
-16.6269
-16.6694
-16.8259
-16.8338
-16.9949
-17.1097
-16.9933
-16.7548
-16.8484
-17.1627
-17.0648
-16.225
-16.387
-16.5876
-16.2697
-15.9267
-15.8131
-15.9633
-15.3215
-15.7686
-15.4653
-15.5938
-15.3494
-15.1191
-15.6435
-15.6505
-15.5282
-15.5203
-15.8743
-15.603
-15.7849
-15.915
-15.8402
-15.7649
-15.9359
-15.5415
-15.8459
-16.0267
-15.8744
-15.7229
-15.5176
-15.3191
-15.1493
-15.2843
-15.2525
-15.445
-15.2591
-15.7622
-15.2208
-15.8945
-15.0793
-15.3634
-15.3028
-15.5023
-15.1848
-15.1126
-15.4285
-14.743
-15.0662
-14.7545
-14.8432
-15.5257
-14.8391
-14.7061
-15.0878
-14.6956
-14.4746
-14.2843
-14.4339
-14.6894
-14.6448
-14.6355
-14.9925
-14.4735
-14.5034
-14.3416
-14.6041
-14.5257
-14.4705
-14.8911
-14.6454
-14.7697
-14.6939
-14.866
-14.5142
-14.6151
-14.6557
-14.5993
-14.9319
-14.683
-14.1818
-14.8973
-14.5283
-14.711
-14.3245
-14.6709
-15.1281
-14.6968
-15.1638
-14.7555
-15.4569
-14.6461
-15.4424
-14.4942
-14.9498
-14.5226
-14.8374
-14.4255
-14.7552
-14.8557
-14.7042
-14.8884
-14.8035
-14.9932
-14.8196
-14.3298
-14.7443
-14.5932
-14.5249
-14.6191
-14.8893
-14.3023
-14.5121
-14.6123
-14.9547
-15.3704
-14.6365
-14.532
-14.685
-14.5811
-15.1
-14.6765
-15.0112
-14.8863
-15.1713
-15.278
-15.2355
-15.0937
-14.8663
-14.8137
-14.7795
-14.3458
-15.2025
-14.2688
-14.7263
-14.4498
-14.921
-14.9148
-14.7289
-14.2979
-15.2907
-14.5202
-14.8315
-15.1823
-14.5768
-14.775
-15.5179
-15.2959
-15.0495
-15.4074
-15.2159
-15.2267
-15.6608
-15.4148
-15.9067
-14.8402
-15.2416
-14.7621
-15.693
-15.3825
-15.3034
-15.7691
-15.65
-15.3351
-15.8746
-15.9755
-15.9088
-16.1814
-15.7391
-15.8827
-16.0467
-16.0071
-16.1398
-15.9374
-16.3495
-16.166
-16.0827
-16.301
-16.0639
-15.8381
-16.2117
-16.063
-16.0628
-16.4362
-16.1215
-15.9671
-15.4453
-15.8851
-15.852
-15.6604
-15.5314
-15.8059
-15.906
-15.5002
-15.9517
-15.9456
-15.3522
-15.7563
-15.8797
-15.7173
-15.8664
-15.9864
-15.5459
-15.7961
-16.2511
-16.1589
-16.3924
-16.6905
-16.2338
-16.4611
-16.8639
-16.5021
-17.1769
-16.8073
-16.6822
-16.7593
-17.0806
-16.6609
-17.1152
-17.0261
-17.2875
-17.557
-18.6818
-18.455
-18.659
-18.7075
-18.7626
-18.3851
-17.7498
-18.1819
-18.4825
-17.9526
-18.0348
-18.0747
-17.8318
-17.6154
-17.9532
-18.174
-17.7542
-18.2966
-18.3004
-18.5696
-18.5152
-18.356
-18.559
-18.4243
-18.1114
-17.7256
-18.4488
-18.4979
-17.9782
-17.467
-17.6577
-17.7651
-17.651
-17.5702
-17.0057
-17.0594
-17.125
-17.1897
-16.6826
-16.843
-16.8647
-17.0265
-16.989
-17.0535
-16.8656
-16.3419
-16.9996
-16.4101
-16.3892
-16.3627
-16.2749
-16.5667
-16.7351
-16.4681
-16.4871
-16.4748
-16.5257
-16.1599
-16.4488
-16.5251
-16.6198
-16.3682
-16.4047
-16.1969
-16.4626
-16.7574
-16.2842
-16.5249
-16.3799
-16.5868
-16.2133
-17.0115
-16.6501
-16.551
-16.1029
-16.2344
-16.1216
-15.9562
-16.8581
-15.9516
-15.9888
-16.3394
-16.0492
-16.1547
-16.3738
-16.0541
-15.9549
-15.7652
-16.1276
-16.1436
-15.8204
-15.8695
-15.8109
-16.5249
-16
-15.5157
-15.7445
-16.3189
-15.9776
-16.7192
-16.0218
-16.1076
-16.074
-16.0833
-16.1548
-16.2447
-16.0025
-15.7577
-15.5733
-15.8672
-15.5491
-15.8243
-16.0719
-16.143
-16.0906
-16.1665
-16.4758
-15.8848
-16.6481
-15.9868
-16.0658
-16.3068
-15.7031
-15.9921
-16.0025
-15.8343
-16.5365
-16.0434
-15.844
-15.8604
-16.2182
-16.3053
-15.9979
-15.8659
-16.0157
-16.0573
-15.528
-16.1284
-15.513
-16.1176
-15.7747
-16.1485
-15.9404
-15.7335
-15.9037
-15.8198
-16.2356
-15.6157
-16.203
-15.666
-15.9252
-15.8387
-15.8441
-15.6664
-15.5905
-15.4451
-15.6917
-15.6333
-15.6624
-15.5466
-15.4149
-15.9068
-15.8622
-15.7569
-15.6731
-16.0344
-15.4808
-15.7338
-16.1453
-16.1626
-15.8882
-15.8936
-16.2919
-16.7788
-16.2982
-16.5503
-16.2929
-16.1593
-16.3149
-16.1595
-17.0856
-16.7835
-16.1052
-16.76
-16.6141
-16.6269
-16.5068
-16.7875
-16.0352
-16.8246
-16.6927
-16.4605
-17.083
-16.9965
-17.0596
-17.3949
-17.3228
-17.2696
-17.2206
-17.2233
-17.3436
-17.1859
-17.259
-17.3879
-17.2756
-17.3465
-17.3185
-17.5608
-17.6669
-17.9917
-17.7085
-17.4559
-17.819
-17.6323
-17.7153
-17.8187
-17.9195
-18.0882
-18.2976
-17.9553
-17.7646
-17.2333
-18.1397
-17.8408
-19.131
-17.2776
-17.8859
-18.0567
-18.0901
-18.4474
-18.1525
-18.4183
-17.8399
-18.8991
-18.4607
-18.216
-18.4615
-18.6121
-18.5135
-18.0107
-18.4343
-18.7219
-17.9639
-18.3355
-18.1764
-18.5594
-18.5149
-18.5048
-17.991
-18.4972
-17.6489
-18.2752
-18.3492
-18.1184
-18.4669
-18.3471
-18.2144
-18.0656
-18.4105
-17.9034
-17.8754
-17.8117
-17.7707
-17.8833
-17.8508
-17.7252
-18.1891
-18.1159
-18.101
-17.4236
-18.1602
-18.0065
-18.1437
-18.3096
-18.4462
-18.1348
-18.3525
-18.3052
-18.2479
-18.08
-18.0422
-17.9972
-18.1625
-18.4648
-18.1663
-18.6258
-18.5488
-18.3779
-18.4935
-18.8836
-18.6265
-17.7738
-17.8863
-17.8562
-18.2563
-18.1317
-18.4944
-18.1816
-17.9906
-18.0907
-18.2979
-17.7678
-17.519
-17.4559
-17.5861
-17.3358
-17.3667
-16.9849
-17.2037
-16.8097
-16.5983
-17.0774
-16.6821
-17.0255
-17.0662
-16.8478
-16.9602
-16.7168
-16.6673
-16.7056
-16.5879
-16.4664
-16.6953
-16.5955
-17.5602
-16.7846
-16.5891
-16.5766
-16.5437
-16.6686
-16.8187
-16.8648
-16.7889
-16.8046
-16.6345
-17.004
-16.591
-17.1044
-15.8323
-16.21
-16.2176
-16.0143
-16.4732
-16.0004
-16.1766
-15.611
-15.9786
-15.7011
-15.9131
-15.8026
-15.9012
-15.4928
-15.7713
-15.9658
-15.5558
-15.4371
-15.7604
-15.9787
-15.8355
-15.5788
-15.8121
-15.6874
-15.6311
-15.7257
-15.6609
-15.6455
-15.164
-15.425
-15.4794
-15.5673
-15.3896
-15.3754
-15.4876
-15.8681
-15.6917
-15.5881
-15.8664
-15.8628
-15.8267
-16.4225
-15.6241
-16.0173
-15.6483
-15.3886
-15.704
-16.0904
-15.717
-16.1297
-15.7013
-15.6061
-15.6069
-16.3361
-15.6009
-15.861
-15.6672
-15.7899
-15.7092
-15.9055
-15.5949
-15.793
-16.1404
-16.4802
-15.9452
-16.1149
-16.1426
-15.7964
-15.9763
-15.6251
-16.1019
-16.0842
-15.7733
-15.6708
-16.0576
-16.0396
-15.8279
-16.1091
-15.7985
-15.8944
-15.6769
-15.6807
-16.4425
-16.4259
-16.6185
-16.5539
-17.0242
-16.8894
-16.7214
-16.7457
-16.6802
-16.9044
-17.1537
-16.5571
-18.701
-15.6674
-14.8858
-15.3812
-15.3186
-15.0436
-14.2865
-14.5758
-14.7191
-14.3776
-14.7462
-14.4935
-14.7686
-14.7268
-14.9259
-14.7771
-14.946
-14.9297
-15.0773
-15.1962
-15.0102
-15.4045
-15.041
-15.5904
-15.1645
-15.7631
-15.1996
-15.2271
-15.8555
-15.3583
-16.111
-15.4818
-16.0555
-15.7826
-15.5329
-15.9727
-16.0287
-16.1212
-16.0413
-16.1604
-16.6265
-16.0394
-16.6997
-15.8041
-16.7987
-16.2357
-16.2724
-16.2908
-16.271
-16.3723
-16.4378
-16.5156
-16.422
-16.0802
-16.7649
-16.2305
-16.5775
-16.7086
-16.6653
-16.1144
-16.5155
-17.0577
-16.4035
-16.4947
-16.4618
-16.1676
-16.0334
-15.9646
-16.0478
-16.2246
-16.3875
-15.9564
-16.1106
-16.1264
-16.2726
-15.8022
-15.8196
-16.045
-16.0932
-16.472
-16.4405
-16.8147
-16.9695
-16.6852
-16.7788
-16.9572
-16.7181
-16.6778
-16.9225
-16.9855
-16.906
-16.8836
-16.2166
-16.8798
-16.8151
-16.7638
-16.3881
-16.8956
-16.5532
-17.2309
-17.1344
-16.9759
-17.2567
-16.9524
-17.5154
-17.2507
-17.4937
-17.168
-17.3361
-16.88
-17.5129
-17.4356
-17.2347
-17.6528
-17.06
-17.111
-17.2974
-17.5962
-17.5128
-17.3002
-17.4373
-17.5149
-17.2407
-17.2891
-17.1673
-16.8361
-16.8255
-16.5868
-16.5108
-16.5858
-16.8702
-16.2332
-16.6683
-16.2759
-16.3021
-16.2064
-15.8569
-16.3062
-16.0894
-15.9133
-16.16
-16.309
-16.2142
-16.3515
-16.421
-15.9099
-15.852
-15.7194
-16.03
-16.1409
-15.6889
-15.9462
-16.3239
-15.9786
-16.0648
-16.0228
-16.1192
-15.7724
-16.5725
-16.0777
-16.5636
-16.0512
-16.2534
-16.2155
-16.0213
-15.9229
-15.9899
-16.0494
-15.8346
-16.0496
-15.7207
-15.8414
-15.7258
-16.3142
-15.8329
-16.0706
-16.2031
-15.6963
-15.9648
-15.7427
-15.6564
-15.5016
-15.5509
-15.3288
-15.3742
-15.8996
-15.5299
-15.2144
-15.292
-15.1672
-15.1939
-14.5937
-15.0887
-14.9973
-14.9993
-14.9755
-15.4766
-14.9414
-14.925
-14.9877
-14.2855
-15.196
-14.3992
-14.7568
-14.8099
-14.9054
-14.4818
-14.923
-14.4019
-14.7161
-14.2926
-14.9987
-14.3788
-15.0282
-14.7166
-14.7481
-14.8836
-14.4278
-14.5493
-14.5525
-14.4294
-14.7454
-15.1903
-14.6921
-15.0337
-15.0484
-14.8868
-14.6493
-14.9337
-15.0639
-14.7812
-14.195
-14.8248
-14.3158
-14.8518
-14.1439
-14.619
-14.4017
-14.6576
-14.1389
-14.3831
-14.491
-14.5903
-14.2634
-14.202
-14.4684
-14.2322
-14.8099
-15.0595
-14.7921
-15.4654
-14.9526
-14.841
-15.363
-14.9029
-14.6196
-14.5338
-14.7876
-14.6099
-14.3558
-14.6525
-15.1018
-15.1326
-14.5986
-14.9166
-14.9716
-14.8512
-15.1648
-15.6507
-15.0689
-15.541
-15.4668
-15.5386
-15.639
-16.1325
-16.4789
-16.2349
-16.1013
-15.7507
-16.1388
-15.9298
-15.5037
-15.6503
-15.612
-16.0634
-15.8663
-15.9285
-15.7065
-16.0146
-15.6631
-15.4275
-16.4211
-15.6648
-16.0302
-15.653
-15.7699
-16.0223
-15.6493
-16.1901
-15.9314
-16.1861
-16.4226
-15.869
-16.2719
-15.7646
-16.2185
-16.0111
-16.2466
-16.5103
-16.0365
-15.7856
-15.5265
-16.3895
-15.4478
-15.9739
-15.5745
-16.2503
-15.7556
-16.1505
-15.6906
-15.9568
-15.7007
-15.6727
-15.8156
-15.9384
-15.9466
-15.9858
-15.4324
-15.7724
-15.941
-15.9989
-16.5685
-16.453
-16.1855
-16.24
-16.1657
-16.0644
-16.7874
-16.3486
-16.6699
-16.0762
-16.2284
-16.4067
-16.9034
-16.3004
-16.6191
-16.5209
-16.2668
-15.8101
-15.9901
-15.6539
-16.1066
-15.6301
-15.8073
-15.9259
-16.4769
-16.1666
-16.5994
-15.7002
-16.2934
-15.9754
-16.1394
-16.3202
-15.6546
-15.6783
-16.0739
-16.0626
-15.9789
-16.2097
-16.2121
-16.0523
-15.8866
-16.1879
-16.026
-15.8984
-16.0495
-16.1046
-15.9476
-15.9689
-15.9666
-16.1797
-16.3709
-16.2212
-16.3563
-16.2634
-15.8349
-15.8645
-16.0645
-15.6452
-15.6548
-15.6784
-16.0135
-15.9236
-15.5076
-15.8727
-15.6618
-15.7073
-15.8092
-15.266
-15.6054
-15.6122
-16.2305
-15.4469
-15.2549
-15.7431
-15.1394
-15.6773
-15.2843
-15.7851
-14.9699
-15.2967
-15.2346
-15.1009
-15.6583
-14.8835
-15.2823
-14.8064
-15.0289
-14.6383
-14.7347
-15.1411
-14.5318
-15.2584
-15.0448
-15.0828
-14.9268
-15.2914
-15.3753
-14.89
-15.3146
-14.92
-14.5774
-1.#IND
